image_from_china(1).jpg	992,366,1040,511,1	817,360,831,400,1	860,366,879,386,1
image_from_china(10).jpg	143,165,202,277,0	319,157,328,192,0	343,158,355,188,0	328,157,339,191,0
image_from_china(1005).jpg	210,477,279,655,1
image_from_china(1006).jpg	156,991,190,1093,1	694,1018,734,1155,1	772,1033,815,1176,1	266,585,291,616,1	295,585,308,615,1	468,536,503,591,1
image_from_china(1007).jpg	343,298,438,425,1	678,410,910,963,1	777,190,887,433,1
image_from_china(1013).jpg	1095,337,1155,480,1	334,169,376,251,1	266,595,366,819,1	758,399,835,563,1	650,314,722,446,1	719,318,755,454,1	236,814,351,911,1	597,147,623,188,1	847,98,876,133,1	511,85,532,111,1	1017,151,1047,212,1
image_from_china(1014).jpg	813,149,874,308,1	549,22,605,163,1	623,656,770,807,1	236,97,318,269,1	170,6,228,153,1	78,0,175,149,1
image_from_china(1031).jpg	562,0,737,397,0	0,202,55,286,0
image_from_china(1048).jpg	0,515,250,907,0	0,341,110,648,1
image_from_china(1063).jpg	388,430,420,504,1	592,421,638,545,1	844,430,879,528,1	887,449,924,519,1
image_from_china(1064).jpg	713,401,774,570,1	862,411,902,510,1	921,418,951,520,1	413,461,452,500,0	668,226,686,279,1
image_from_china(1065).jpg	525,202,620,439,1	195,223,237,268,1	338,194,370,270,1	325,192,346,227,1	504,192,537,273,1	625,192,663,241,1	693,192,715,235,1	836,196,863,258,1	814,196,830,257,1
image_from_china(1067).jpg	785,358,936,476,1
image_from_china(1068).jpg	286,505,454,699,0	594,314,629,413,1	746,324,811,414,1	425,295,466,458,1	381,307,430,475,1	211,273,255,429,1	154,297,215,407,1
image_from_china(1070).jpg	758,0,909,457,1	764,46,836,220,1	732,139,761,201,0
image_from_china(1076).jpg	114,0,547,436,0	826,168,1215,834,0	0,183,252,910,0
image_from_china(1097).jpg	364,136,420,304,1	69,182,111,282,1
image_from_china(1098).jpg	1090,196,1154,341,1
image_from_china(1109).jpg	372,450,388,496,0	206,437,226,480,1	165,1081,210,1190,1	116,441,138,483,1	72,475,97,506,0	847,446,868,486,1
image_from_china(1123).jpg	738,0,881,310,0
image_from_china(1127).jpg	0,0,198,604,0	135,0,360,476,0	951,75,1029,167,1
image_from_china(1133).jpg	1,64,653,910,1
image_from_china(1149).jpg	417,377,474,514,1	788,1155,846,1216,1
image_from_china(1155).jpg	464,1,676,311,0
image_from_china(1161).jpg	170,688,214,788,1	17,946,79,1032,1
image_from_china(1167).jpg	731,496,911,1216,0
image_from_china(1168).jpg	585,653,910,1215,0
image_from_china(1173).jpg	671,461,718,534,1	951,467,1000,564,0	295,455,316,502,1	273,458,301,502,1
image_from_china(1183).jpg	379,120,511,244,1	246,193,386,312,0
image_from_china(1185).jpg	1,0,747,611,1
image_from_china(1192).jpg	0,473,438,1215,0
image_from_china(1195).jpg	456,500,624,836,1	765,440,869,807,1	424,421,456,525,1	587,521,657,606,1	456,427,474,499,1
image_from_china(1200).jpg	0,827,73,1215,1	36,813,129,978,1
image_from_china(1202).jpg	278,628,372,910,1	18,605,89,791,1	311,586,357,694,1
image_from_china(1253).jpg	676,260,727,333,1	345,190,399,329,0	1,336,312,774,1	92,167,209,381,1	520,196,567,328,0	583,188,633,297,1	773,301,837,349,1
image_from_china(1296).jpg	418,0,559,447,0	344,129,470,376,1	332,27,430,149,1	25,0,82,112,0
image_from_china(1298).jpg	30,0,299,529,0
image_from_china(1299).jpg	402,0,664,383,0	0,321,292,820,0
image_from_china(13).jpg	393,205,426,320,1
image_from_china(1300).jpg	378,182,661,433,0	503,117,642,316,0
image_from_china(1303).jpg	343,255,619,539,0
image_from_china(1321).jpg	669,0,1106,602,1	1033,316,1216,911,0
image_from_china(1330).jpg	834,511,881,667,0	468,537,561,673,0	591,516,621,605,1	328,503,362,601,1	186,502,222,615,1	48,494,101,624,1	102,547,148,622,1	536,516,562,613,0	547,507,567,546,1	441,516,466,624,1	620,521,650,579,0
image_from_china(1336).jpg	588,108,693,235,1	508,0,603,167,0
image_from_china(1341).jpg	371,528,472,757,1
image_from_china(1343).jpg	332,0,396,152,0	479,11,566,102,0	627,0,684,131,0	0,0,77,146,0
image_from_china(1352).jpg	345,0,428,240,0	424,0,452,143,0
image_from_china(1365).jpg	213,174,911,1212,1
image_from_china(1375).jpg	277,185,339,345,0	404,184,458,330,1	194,196,261,346,0	139,194,195,375,1	0,561,96,901,0	259,190,303,339,0
image_from_china(1377).jpg	990,300,1060,475,0	299,265,376,526,0	434,291,527,484,0	571,286,632,558,0	672,283,776,572,0	553,290,596,518,0	667,291,703,519,0
image_from_china(1378).jpg	214,324,267,498,0
image_from_china(1379).jpg	844,128,904,327,0	1001,129,1087,390,0	1141,132,1212,399,0	1092,134,1154,333,0
image_from_china(1392).jpg	0,0,255,433,0
image_from_china(1394).jpg	57,1,371,569,0	327,146,462,406,1
image_from_china(1396).jpg	530,585,675,778,0	533,475,569,584,1	478,480,506,586,1	449,483,478,582,1	401,496,449,582,1	350,474,388,589,1	307,474,338,571,1	338,486,356,556,1
image_from_china(140).jpg	803,21,849,154,1	419,49,470,118,1	1009,59,1063,160,0	1102,42,1164,174,1
image_from_china(1403).jpg	632,577,739,840,0	312,670,481,902,0	449,591,510,730,0
image_from_china(1404).jpg	437,548,550,864,0	676,623,770,831,0
image_from_china(1413).jpg	0,423,150,869,1
image_from_china(1415).jpg	442,304,519,513,1	507,304,577,478,1	1158,337,1221,485,1	434,263,486,465,1
image_from_china(1416).jpg	1178,352,1239,504,1	527,333,601,493,1	463,323,539,531,1	461,281,506,480,1
image_from_china(1417).jpg	1144,345,1210,487,1	443,313,516,515,1	508,314,580,479,1	436,270,479,465,1
image_from_china(1419).jpg	1221,358,1282,507,1	513,331,588,536,1	587,322,660,497,1	506,286,546,487,1
image_from_china(1422).jpg	1116,0,1281,186,0
image_from_china(1426).jpg	692,0,817,87,0
image_from_china(1430).jpg	476,254,543,450,1	609,324,722,529,1	734,276,805,454,1	827,218,928,400,1	880,124,938,254,1
image_from_china(1483).jpg	0,200,514,1216,1
image_from_china(1490).jpg	323,28,458,436,1
image_from_china(1506).jpg	235,0,1165,348,0
image_from_china(1514).jpg	416,75,720,1004,1
image_from_china(1521).jpg	785,458,911,1087,1
image_from_china(1525).jpg	738,208,862,585,1	725,542,831,964,0
image_from_china(1527).jpg	736,450,864,631,1	531,561,711,768,1	386,205,506,357,1	449,173,543,320,0
image_from_china(1528).jpg	0,90,366,488,1
image_from_china(1529).jpg	270,444,361,644,1
image_from_china(1531).jpg	787,533,898,672,0	781,199,880,439,0	828,480,899,533,1	704,383,736,422,0
image_from_china(1532).jpg	809,532,929,670,0	802,166,893,437,0	845,480,918,532,1	727,378,754,417,0	1197,386,1216,427,1
image_from_china(1534).jpg	123,187,143,216,1	158,187,181,215,1
image_from_china(1536).jpg	285,330,447,631,0	1378,387,1468,536,0	1288,379,1334,538,0	1328,382,1363,538,0
image_from_china(1541).jpg	70,555,183,1198,1	152,564,238,1036,1	0,506,80,1108,1
image_from_china(1542).jpg	622,506,801,1103,1	855,494,911,1118,1	739,509,810,689,1	463,521,496,629,1
image_from_china(1567).jpg	127,406,711,1216,1	652,259,911,1114,0
image_from_china(1568).jpg	418,246,731,986,0
image_from_china(1569).jpg	394,472,550,939,1	492,395,618,859,1	279,486,375,832,0	350,461,440,746,1	47,451,122,762,0
image_from_china(1570).jpg	664,137,1012,745,1	0,0,331,912,0	1318,98,1422,258,1	848,110,914,239,1
image_from_china(1571).jpg	706,139,1006,737,1	0,0,460,912,0	1373,3,1500,235,1	916,90,982,232,1
image_from_china(1572).jpg	869,410,974,539,1	960,459,997,535,1
image_from_china(1583).jpg	234,3,843,1215,1	3,692,284,1212,0
image_from_china(1595).jpg	0,0,478,1216,1
image_from_china(1603).jpg	176,468,289,875,0
image_from_china(1618).jpg	994,636,1216,911,1
image_from_china(1656).jpg	565,0,911,1026,0
image_from_china(1658).jpg	244,343,325,544,1	320,242,403,332,0	397,386,535,522,0	586,228,647,394,0	400,235,462,322,1
image_from_china(1680).jpg	522,364,594,573,1
image_from_china(1717).jpg	271,318,741,978,1
image_from_china(1725).jpg	27,79,423,929,1
image_from_china(1726).jpg	0,375,376,1216,1	457,214,911,1170,1
image_from_china(1746).jpg	882,410,935,562,1	659,439,692,501,0	335,400,360,473,1	473,414,527,560,1	422,418,465,577,1	396,419,433,501,1	513,426,536,458,1	739,483,770,505,1
image_from_china(1749).jpg	407,401,571,869,0	706,389,732,453,1	817,387,849,469,1	982,412,1011,454,1	1121,418,1166,527,1	861,390,894,468,1	1068,413,1122,513,0
image_from_china(1751).jpg	806,409,932,660,1	391,426,428,535,1	291,420,319,514,0	182,427,213,467,1	891,394,986,542,1
image_from_china(1753).jpg	1,167,468,1216,1
image_from_china(1778).jpg	435,350,534,474,1	537,362,625,470,1
image_from_china(1784).jpg	390,1,911,1216,0
image_from_china(1785).jpg	498,81,910,369,0
image_from_china(1790).jpg	178,491,236,607,1	445,513,478,551,1	496,518,529,555,1	542,529,577,575,1	567,511,600,543,1	593,497,628,523,1	631,500,661,530,1	654,493,679,523,1	405,519,432,552,1
image_from_china(1791).jpg	266,342,407,494,1	650,382,838,572,1	936,331,1068,500,1	306,221,379,318,1	736,191,787,291,1	637,306,732,423,1
image_from_china(1797).jpg	1,413,321,887,1	409,339,442,431,1	322,449,416,526,1	465,424,527,504,1	733,347,770,416,0	80,363,125,495,1	228,440,284,512,0
image_from_china(18).jpg	66,727,105,822,0	514,681,569,830,0	265,719,305,803,0	564,696,615,835,0	98,730,131,819,0
image_from_china(181).jpg	0,0,666,1215,0
image_from_china(1810).jpg	25,530,147,923,1
image_from_china(1816).jpg	373,249,650,916,1	770,385,911,662,0
image_from_china(1818).jpg	0,0,320,533,1
image_from_china(1822).jpg	308,619,425,831,1	628,671,814,869,1
image_from_china(1824).jpg	265,643,380,800,1	572,623,747,840,1
image_from_china(1826).jpg	614,49,1037,666,0
image_from_china(1832).jpg	393,342,462,444,0	524,209,589,403,0
image_from_china(1834).jpg	0,0,232,261,0
image_from_china(1835).jpg	713,153,911,866,1
image_from_china(1849).jpg	924,501,1017,598,1	398,376,466,573,1	370,482,432,555,0
image_from_china(1850).jpg	937,508,1029,602,1	421,377,487,569,1	393,481,454,549,0
image_from_china(1851).jpg	970,444,1189,644,0	793,600,972,683,0
image_from_china(1852).jpg	985,428,1192,623,0	785,569,947,665,0
image_from_china(1882).jpg	919,150,1100,394,0	1020,0,1119,245,1	759,0,809,135,1	810,0,867,131,0
image_from_china(1888).jpg	227,311,328,619,0	365,340,466,498,0
image_from_china(189).jpg	691,381,782,716,1
image_from_china(1900).jpg	531,858,595,956,1	440,892,508,973,1
image_from_china(1909).jpg	0,0,341,1127,0
image_from_china(191).jpg	1,653,60,887,0	56,655,125,895,0	100,638,138,866,1	125,660,151,826,0
image_from_china(1923).jpg	231,465,342,785,0
image_from_china(1935).jpg	587,441,605,509,1	697,432,724,500,1	554,438,581,503,1	654,487,703,540,1	847,732,911,1216,0
image_from_china(194).jpg	822,164,1216,911,0
image_from_china(1955).jpg	182,369,394,811,1	463,330,627,610,1	703,313,805,433,1
image_from_china(1966).jpg	236,264,285,397,1	0,342,96,835,0	389,301,448,407,1	475,218,544,295,0	457,274,506,448,1	515,324,593,448,1	591,292,684,501,1	0,251,119,581,1	654,690,911,1216,0
image_from_china(1970).jpg	729,412,872,912,0	575,425,630,541,0	840,431,917,681,1	760,410,800,489,0	438,441,476,492,0	13,459,44,498,0
image_from_china(1973).jpg	367,366,530,912,1	952,373,999,450,1	869,312,912,419,0
image_from_china(1974).jpg	0,0,778,885,0	755,0,1216,912,0
image_from_china(1980).jpg	0,476,544,1216,0
image_from_china(1983).jpg	767,348,936,629,1
image_from_china(1984).jpg	531,522,551,587,0
image_from_china(1988).jpg	0,0,632,1216,0	136,0,696,855,0
image_from_china(1990).jpg	853,514,924,750,0	188,519,202,563,1
image_from_china(2).jpg	0,535,139,912,1	884,466,917,581,1	439,457,488,566,1	378,444,419,570,1
image_from_china(200).jpg	504,105,632,539,1
image_from_china(2018).jpg	687,614,911,1216,1
image_from_china(2019).jpg	3,318,152,776,1	0,352,68,717,1
image_from_china(2034).jpg	924,499,944,560,1
image_from_china(2039).jpg	4,105,198,618,1	483,37,639,473,1
image_from_china(2057).jpg	507,725,566,868,1	0,804,67,1006,1
image_from_china(2068).jpg	983,803,1026,857,1
image_from_china(2070).jpg	139,713,186,755,1
image_from_china(2074).jpg	788,402,979,912,0	712,425,786,689,0	663,428,712,646,1	600,423,651,680,0	552,418,612,697,0	510,422,564,638,1	460,411,519,619,1	393,410,450,607,1	305,457,378,723,0	249,421,338,629,1	313,406,363,479,1
image_from_china(2075).jpg	123,429,237,660,1	271,417,346,628,1	359,418,428,631,1	395,450,469,728,1	564,420,627,694,0	611,423,671,668,0	693,425,767,663,0	796,413,858,648,1	963,390,1097,761,0	444,425,495,643,1	182,414,256,636,1
image_from_china(2095).jpg	233,263,323,365,1
image_from_china(2096).jpg	387,368,508,530,0	163,288,282,387,1	562,231,590,303,1
image_from_china(2123).jpg	228,504,450,777,1	861,343,1215,908,1	548,318,596,468,1	935,324,993,475,0	202,346,306,699,1
image_from_china(2127).jpg	746,508,764,546,1
image_from_china(2129).jpg	786,390,800,415,1
image_from_china(2132).jpg	1027,478,1062,536,1
image_from_china(2135).jpg	738,392,752,436,0	768,390,782,435,0
image_from_china(2149).jpg	112,296,264,891,1	215,312,340,767,1	388,337,536,744,1	480,335,573,688,1	564,337,702,762,1	869,331,995,769,1	980,324,1089,874,1	651,331,746,714,1
image_from_china(2154).jpg	639,287,729,569,0	466,277,538,479,0
image_from_china(216).jpg	0,0,349,910,0	465,526,837,911,0
image_from_china(2177).jpg	0,331,376,785,0	244,314,442,576,0	647,317,836,538,0	944,421,1216,912,0	651,380,1006,798,0	676,338,899,657,0
image_from_china(218).jpg	662,703,768,911,0	746,544,816,671,1
image_from_china(2181).jpg	377,482,425,539,1	561,465,609,519,1	413,470,460,531,1	413,454,457,505,1
image_from_china(2182).jpg	128,207,459,849,0
image_from_china(2186).jpg	632,521,653,603,1
image_from_china(2187).jpg	230,573,324,804,1	723,688,777,824,1
image_from_china(2189).jpg	52,223,135,322,1	360,245,412,383,1	410,265,465,377,1	249,262,270,349,1
image_from_china(2194).jpg	320,396,911,1013,0	151,0,800,479,0
image_from_china(221).jpg	195,0,910,610,0
image_from_china(2211).jpg	304,347,434,792,1
image_from_china(2213).jpg	393,383,474,611,0	552,454,625,558,0	762,360,834,590,1	267,451,320,520,0
image_from_china(2215).jpg	180,693,282,947,0	694,704,789,978,0	125,656,225,934,0
image_from_china(2216).jpg	247,611,291,783,1	498,605,555,753,1	464,612,505,697,1	587,596,670,738,1
image_from_china(222).jpg	0,0,821,605,0
image_from_china(2224).jpg	0,0,279,678,0
image_from_china(223).jpg	0,479,175,1216,0	337,0,648,615,0
image_from_china(2235).jpg	505,0,910,625,1
image_from_china(2236).jpg	488,547,504,616,0	581,541,612,634,1	608,546,634,634,0	748,550,765,614,0
image_from_china(224).jpg	87,0,540,497,0	0,627,319,1216,0
image_from_china(2248).jpg	572,462,586,498,1
image_from_china(226).jpg	96,80,582,910,0
image_from_china(2301).jpg	418,0,911,645,0
image_from_china(2302).jpg	1003,344,1128,566,0	177,225,218,345,0	1091,321,1216,603,0	1101,298,1168,405,0
image_from_china(2303).jpg	869,0,1103,632,0	978,170,1216,911,0
image_from_china(2308).jpg	999,574,1076,693,1
image_from_china(2320).jpg	227,463,269,553,1
image_from_china(2331).jpg	608,80,1216,911,0
image_from_china(234).jpg	331,823,393,983,1	504,831,548,983,1	560,834,610,986,1
image_from_china(2341).jpg	81,422,406,798,0	618,119,887,769,0
image_from_china(2360).jpg	776,411,800,460,1	934,409,945,436,0
image_from_china(2366).jpg	518,523,529,546,0
image_from_china(2377).jpg	0,374,231,910,0	296,331,440,484,0	393,358,604,530,0	616,370,720,551,0	690,390,823,603,0	965,393,1168,652,0	977,601,1216,912,0	758,350,821,487,0	1160,442,1216,625,0
image_from_china(2379).jpg	1059,378,1216,526,0	916,385,1064,513,0	738,369,835,521,0	621,374,735,558,0	491,355,633,576,0	264,353,469,611,0	83,310,529,695,0	0,343,108,665,0
image_from_china(238).jpg	0,65,174,684,1	258,129,334,402,0	351,130,410,389,0	422,126,497,386,1	126,270,230,425,1
image_from_china(2384).jpg	433,0,911,251,0
image_from_china(2385).jpg	0,0,743,1036,0	763,878,790,929,0
image_from_china(2389).jpg	537,0,911,508,0
image_from_china(239).jpg	143,53,210,268,0	288,92,368,311,0	356,90,432,322,1
image_from_china(2399).jpg	0,316,184,911,0	297,403,733,909,0
image_from_china(240).jpg	0,380,159,893,1	521,379,578,574,1
image_from_china(243).jpg	346,0,548,332,0	572,0,647,195,0
image_from_china(2444).jpg	225,431,259,535,1	655,434,705,496,1	641,468,663,494,0
image_from_china(2445).jpg	32,438,68,588,1	783,463,862,568,1
image_from_china(2446).jpg	249,350,344,716,1	369,636,502,912,1	1001,298,1056,362,0
image_from_china(2447).jpg	0,35,169,609,1	219,491,479,912,1	890,0,962,108,0
image_from_china(245).jpg	565,0,1216,595,1
image_from_china(2453).jpg	828,454,841,488,1	942,459,956,491,1	1057,457,1064,488,1	1138,462,1150,487,1	229,482,255,551,1	349,518,384,584,1	843,475,853,485,1	1051,457,1058,474,1	986,461,1000,497,1	980,460,990,497,1	966,456,982,489,1	890,466,902,476,1	916,451,922,457,1	941,446,947,466,0
image_from_china(246).jpg	291,467,547,719,0	861,29,1162,857,0	630,105,831,529,0
image_from_china(2462).jpg	242,257,385,669,1	726,354,897,520,1	324,273,454,650,1
image_from_china(2468).jpg	476,93,650,530,1
image_from_china(2469).jpg	1078,378,1198,596,1	938,295,990,412,0	481,281,510,364,0	986,308,1023,379,1	684,242,720,342,0
image_from_china(2470).jpg	524,367,617,536,1	737,360,783,491,0	0,361,27,463,0
image_from_china(2481).jpg	30,24,304,513,0
image_from_china(2482).jpg	271,133,296,185,1	105,118,130,183,0	668,203,708,233,1	1,114,27,167,1
image_from_china(2501).jpg	113,521,288,1093,0	563,566,799,1047,0
image_from_china(2535).jpg	572,456,583,482,0	379,457,391,485,1	250,458,261,487,1
image_from_china(254).jpg	466,0,911,1216,0	464,0,826,747,0	139,0,437,525,0
image_from_china(2566).jpg	403,296,611,549,0	630,320,801,506,0	748,267,912,470,0	879,289,1014,394,0	967,257,1080,399,0	0,399,420,912,0	0,339,155,604,0	549,292,657,446,0	372,295,487,472,0
image_from_china(2574).jpg	0,0,697,911,0
image_from_china(2575).jpg	0,51,898,911,0
image_from_china(261).jpg	914,103,1140,733,0	531,155,694,507,0	684,132,781,459,0
image_from_china(2625).jpg	129,370,241,665,1
image_from_china(2639).jpg	24,292,252,628,1
image_from_china(2667).jpg	0,474,128,809,1	609,558,658,597,2	97,490,180,792,1	54,432,99,474,3	662,515,725,593,3	627,531,637,558,3
image_from_china(2668).jpg	0,788,25,1135,1	11,804,95,1120,1	545,851,578,921,3	0,739,33,785,3
image_from_china(267).jpg	82,167,425,914,0
image_from_china(2670).jpg	0,790,30,1135,1	8,808,103,1122,1	0,741,35,790,3	540,820,561,861,3	540,851,575,919,3
image_from_china(2671).jpg	878,410,925,552,1	211,380,320,755,1	313,382,382,723,1	350,350,452,765,1	504,388,609,717,1	1178,390,1216,624,0
image_from_china(2672).jpg	486,466,553,695,0	190,482,245,638,1	558,472,616,683,0	663,469,723,672,0	780,486,813,618,1
image_from_china(2678).jpg	573,433,602,493,3
image_from_china(2685).jpg	753,417,834,707,1
image_from_china(2690).jpg	1047,573,1079,653,1	1004,562,1022,634,1	989,565,1009,630,1
image_from_china(2691).jpg	509,638,571,733,1
image_from_china(2692).jpg	0,192,640,912,1	876,389,1185,910,1
image_from_china(2698).jpg	581,592,643,786,1	743,595,797,668,1	412,588,496,733,1
image_from_china(2699).jpg	542,509,566,566,0	609,499,638,570,1	600,499,625,563,1
image_from_china(2701).jpg	67,569,134,738,1	1072,568,1130,655,1
image_from_china(2702).jpg	362,600,421,679,1
image_from_china(2705).jpg	356,574,377,615,1	368,581,403,637,1	406,568,438,632,1	477,604,509,664,1
image_from_china(2720).jpg	357,507,410,680,1	430,531,501,701,1
image_from_china(2726).jpg	337,621,400,790,1	556,611,611,750,1
image_from_china(2741).jpg	638,453,756,654,1	331,526,392,602,1
image_from_china(2745).jpg	670,565,697,644,0
image_from_china(275).jpg	0,58,247,1215,1
image_from_china(2757).jpg	470,589,537,760,1	399,552,445,668,1	184,592,227,666,0	743,538,757,575,0	1079,541,1089,572,0	549,493,566,521,0
image_from_china(2772).jpg	145,526,171,593,1
image_from_china(279).jpg	471,306,503,418,0	993,394,1072,511,1	165,268,200,371,0
image_from_china(2807).jpg	57,530,138,692,1	333,554,406,659,1
image_from_china(2843).jpg	162,223,450,1191,1
image_from_china(2844).jpg	46,103,241,872,1	523,486,740,1118,1	694,343,820,804,1	784,331,911,822,1	25,619,147,1215,0
image_from_china(2846).jpg	141,566,436,1216,1	369,436,584,1176,0
image_from_china(2847).jpg	313,228,641,1176,1
image_from_china(2856).jpg	0,130,438,912,1
image_from_china(2858).jpg	640,642,681,778,1	731,653,760,732,0	783,651,811,733,0	814,651,842,733,1	623,652,644,770,1
image_from_china(2862).jpg	0,84,328,678,1	959,195,1216,754,1
image_from_china(2868).jpg	833,610,875,724,1	463,561,482,602,1	785,614,808,709,1	898,625,929,654,1
image_from_china(288).jpg	0,314,264,694,1	1114,373,1186,456,0
image_from_china(289).jpg	244,362,481,722,1	349,244,416,306,0
image_from_china(2994).jpg	453,353,518,615,1	870,342,910,629,1	812,361,903,653,1
image_from_china(301).jpg	114,85,200,333,0	553,52,612,233,0	682,51,727,205,0	181,180,267,296,0	686,38,723,91,0
image_from_china(3015).jpg	384,421,451,613,0	427,425,482,606,0	0,451,149,520,0
image_from_china(302).jpg	342,130,635,458,0	145,182,445,444,1	635,215,669,250,1	647,228,680,264,0
image_from_china(3040).jpg	112,819,305,1216,1	0,817,66,1215,1
image_from_china(305).jpg	666,0,760,221,0
image_from_china(3050).jpg	581,595,613,686,1	550,627,574,660,1
image_from_china(308).jpg	138,0,410,438,0
image_from_china(3084).jpg	466,1063,594,1216,1	751,1034,812,1169,1
image_from_china(3087).jpg	247,405,318,464,0	358,399,435,495,0
image_from_china(309).jpg	779,380,1110,725,0
image_from_china(3092).jpg	643,585,761,919,1
image_from_china(3128).jpg	314,406,438,716,0	697,391,912,911,0
image_from_china(313).jpg	475,0,911,253,0
image_from_china(314).jpg	649,0,963,414,0
image_from_china(3186).jpg	524,426,562,516,0
image_from_china(3187).jpg	30,360,198,509,0	173,362,379,515,0	427,330,605,506,0	603,329,830,517,0	892,322,1118,502,0
image_from_china(321).jpg	366,728,479,902,0	473,811,619,911,0	643,704,784,872,0	613,856,712,911,1
image_from_china(3222).jpg	0,555,163,1216,0
image_from_china(324).jpg	468,564,610,941,1	373,566,560,941,1	117,480,139,534,1	89,433,101,476,1
image_from_china(3267).jpg	0,207,363,1216,0	469,460,634,1216,0	691,369,912,1216,0
image_from_china(3268).jpg	0,321,386,1216,0	385,509,536,1216,0	556,429,818,1216,0	804,645,912,1216,0
image_from_china(3271).jpg	194,307,518,1059,0	590,153,912,1216,0
image_from_china(3272).jpg	184,393,356,912,0	412,357,607,854,0	654,350,749,743,0	812,372,940,776,0
image_from_china(3273).jpg	120,380,306,912,0	381,342,550,845,0	614,325,840,820,0	764,360,857,753,0
image_from_china(3274).jpg	714,319,911,912,0	378,375,542,809,0	141,416,294,880,0
image_from_china(3277).jpg	661,274,940,912,0	374,347,520,784,0	52,377,270,806,0	691,366,756,497,0
image_from_china(3278).jpg	0,39,409,912,0	374,432,586,912,0	673,437,796,912,0	497,447,637,912,0
image_from_china(328).jpg	372,223,439,390,1
image_from_china(3280).jpg	100,370,426,1216,0	514,422,779,1140,0	309,396,498,978,0	780,461,912,1216,0
image_from_china(3281).jpg	0,367,340,1216,0	438,668,600,1216,0	173,640,326,926,0
image_from_china(3282).jpg	0,0,292,1215,0	461,327,632,969,0	695,0,912,1216,0	157,302,383,1017,0	285,308,374,504,0
image_from_china(3285).jpg	483,363,795,1216,0	0,320,343,1216,0	94,332,310,822,0	323,293,528,1046,0
image_from_china(3286).jpg	404,230,697,1133,0	2,184,451,1216,0	200,149,426,805,0
image_from_china(3287).jpg	0,162,257,1005,0	265,132,503,919,0	508,139,912,1216,0	557,198,696,637,0
image_from_china(329).jpg	414,0,788,726,0
image_from_china(3290).jpg	489,758,912,1216,1	777,489,882,700,1
image_from_china(336).jpg	647,201,1216,911,1
image_from_china(3361).jpg	717,596,810,787,0
image_from_china(340).jpg	509,0,911,630,0	61,271,92,353,0
image_from_china(341).jpg	771,439,1086,888,1	0,642,348,911,0	288,37,469,499,0	81,70,273,516,0	0,250,168,678,0	0,133,67,271,0	790,333,1010,581,1
image_from_china(342).jpg	0,227,294,587,1	540,164,620,277,0	192,0,294,372,0	52,136,227,332,0	927,87,953,206,0
image_from_china(343).jpg	544,198,1014,911,0
image_from_china(3496).jpg	12,799,359,1216,0
image_from_china(3519).jpg	442,637,486,781,0	556,616,608,787,0	629,611,667,783,0
image_from_china(352).jpg	480,0,911,381,0
image_from_china(354).jpg	164,513,286,1017,0	721,466,911,1216,0
image_from_china(362).jpg	266,166,398,467,1	143,184,259,472,1	61,192,168,411,1	224,217,311,406,0
image_from_china(371).jpg	225,469,599,946,1
image_from_china(3733).jpg	476,670,578,1016,1	286,672,417,1078,1	884,691,912,983,1
image_from_china(3783).jpg	197,78,422,681,0	59,27,254,587,1
image_from_china(3851).jpg	634,737,805,1073,0
image_from_china(3906).jpg	68,605,164,807,0	235,610,288,727,0
image_from_china(3908).jpg	55,230,135,397,0	124,225,138,250,1	192,225,209,250,1	467,211,481,236,1
image_from_china(3948).jpg	655,590,719,701,0	644,569,680,703,0
image_from_china(3949).jpg	545,595,912,1216,0
image_from_china(4).jpg	337,253,382,403,1
image_from_china(4005).jpg	0,0,388,226,0	0,551,216,1017,0
image_from_china(4037).jpg	639,388,912,869,0
image_from_china(4046).jpg	0,163,272,717,0
image_from_china(4111).jpg	345,353,539,898,1
image_from_china(4114).jpg	378,521,459,847,1	445,508,521,759,1	518,409,569,541,0
image_from_china(4116).jpg	229,563,294,807,1	286,556,331,753,1	313,475,366,593,0
image_from_china(413).jpg	11,195,48,289,0
image_from_china(417).jpg	438,358,540,516,1	644,107,737,223,1	460,613,560,752,1	634,448,697,555,1
image_from_china(4184).jpg	0,192,110,835,1
image_from_china(4186).jpg	545,536,611,624,1
image_from_china(4190).jpg	720,350,776,588,0	320,403,350,449,1	457,404,475,444,1	407,394,436,436,0	347,408,373,445,1	247,359,268,414,1
image_from_china(4198).jpg	489,179,863,501,1
image_from_china(4203).jpg	607,942,845,1221,1
image_from_china(4205).jpg	0,307,148,746,1
image_from_china(4210).jpg	455,399,666,914,1	391,393,614,598,1
image_from_china(4218).jpg	474,362,492,418,1	519,333,536,368,0	510,346,528,387,0
image_from_china(4221).jpg	537,389,551,422,1	590,389,605,422,1
image_from_china(4224).jpg	319,300,594,912,1
image_from_china(4232).jpg	733,305,772,410,1	926,338,983,472,1	868,366,925,463,1	1056,294,1089,362,1
image_from_china(4234).jpg	154,165,194,205,0	247,150,270,222,0	275,161,311,238,0	325,162,351,241,1	350,205,364,242,1
image_from_china(4238).jpg	523,341,561,461,1	358,511,496,658,1	862,425,912,537,1
image_from_china(4252).jpg	764,66,809,187,1
image_from_china(4259).jpg	700,307,790,525,1	1043,381,1070,441,1	598,319,683,466,1	688,317,710,347,0	766,321,781,355,1
image_from_china(426).jpg	287,620,335,758,1	47,532,125,650,1	751,436,792,524,1	734,286,772,382,1	672,284,698,368,1	644,437,673,535,1	583,481,638,539,1	205,630,283,786,1	565,452,619,517,1
image_from_china(428).jpg	810,455,851,629,0	835,464,868,626,1	795,467,823,628,1
image_from_china(4285).jpg	861,403,892,524,1	344,384,385,511,1	406,397,455,505,1
image_from_china(4297).jpg	242,363,319,581,1	559,333,611,386,1
image_from_china(4303).jpg	106,0,173,146,0
image_from_china(4307).jpg	598,316,723,649,1	152,409,231,614,1	211,379,280,595,1
image_from_china(431).jpg	451,455,530,575,1	856,76,885,138,0	525,428,599,530,1	747,81,760,106,1
image_from_china(4312).jpg	270,370,329,551,1	374,352,454,537,1	554,424,569,468,1
image_from_china(4314).jpg	429,207,1125,912,1
image_from_china(4319).jpg	416,607,545,911,1
image_from_china(432).jpg	588,485,668,664,0	63,196,93,264,1	97,204,123,272,1	382,258,402,298,1	423,264,442,307,0
image_from_china(4321).jpg	241,189,559,648,1
image_from_china(4328).jpg	169,487,222,640,1	484,563,571,789,1	324,453,396,538,0
image_from_china(433).jpg	129,183,194,302,1	338,33,378,162,0	467,86,503,202,1	470,0,516,56,0
image_from_china(4334).jpg	265,291,301,396,1	978,367,1193,909,1	1004,361,1039,477,1
image_from_china(4337).jpg	227,358,297,568,1	321,377,385,566,1	323,350,362,421,1
image_from_china(434).jpg	321,387,353,497,1	358,378,399,496,0	437,312,470,416,1	125,60,144,107,1	542,63,556,110,1	306,14,325,57,1	335,12,349,55,1
image_from_china(4342).jpg	705,340,724,413,0	770,339,796,431,0	786,336,813,431,0	616,341,639,414,1	684,333,708,428,0	651,346,681,434,0	719,335,747,431,1
image_from_china(4351).jpg	438,504,519,646,1	1099,358,1145,420,1	675,403,733,504,1	602,397,638,474,1	571,410,592,490,1	820,397,860,496,0	860,396,905,454,1	597,380,612,447,1	659,403,691,494,1	805,390,846,452,1	882,349,899,419,1	899,349,912,417,0	869,354,886,405,1	867,336,892,370,1	140,272,155,317,0
image_from_china(4354).jpg	851,400,877,490,1	5,462,53,537,1
image_from_china(436).jpg	516,398,664,528,1
image_from_china(4363).jpg	1001,530,1126,878,0
image_from_china(4368).jpg	0,554,65,1109,1	144,565,262,934,1	515,587,627,900,1	807,591,912,850,1	617,594,666,742,1
image_from_china(4373).jpg	460,586,881,1117,0
image_from_china(4374).jpg	720,474,1004,912,1	0,346,187,780,1
image_from_china(4377).jpg	658,426,690,511,1
image_from_china(4384).jpg	614,400,743,737,1	0,447,88,870,0
image_from_china(4387).jpg	135,233,355,912,1	67,245,179,767,1	432,248,526,635,1	386,263,473,588,0	516,286,632,567,0	625,332,719,592,0	732,322,809,626,0	803,318,988,866,0	972,286,1156,793,0	955,296,1062,729,0	785,323,847,534,0	625,283,686,439,0
image_from_china(4398).jpg	678,0,912,964,0
image_from_china(4402).jpg	423,678,540,957,3	481,619,538,683,3	175,647,252,866,3
image_from_china(4404).jpg	389,783,478,984,3	221,887,278,992,3
image_from_china(4411).jpg	1020,373,1221,912,1	628,517,667,599,1
image_from_china(4412).jpg	241,258,382,670,1	729,355,887,511,1	321,275,454,649,1
image_from_china(4427).jpg	451,489,547,700,1	902,548,929,605,1
image_from_china(444).jpg	130,722,184,839,0	649,646,692,730,0	450,435,464,480,0	882,634,911,736,0	472,415,491,466,1	99,403,114,442,0	279,354,292,391,0	231,369,246,403,0	419,311,427,334,0
image_from_china(4453).jpg	968,4,1085,313,0
image_from_china(4458).jpg	1008,317,1063,384,1	1121,267,1151,312,1
image_from_china(4461).jpg	77,166,175,421,1	674,102,700,129,1
image_from_china(4466).jpg	219,887,279,993,3	389,784,478,985,3
image_from_china(4469).jpg	451,910,500,1035,3	570,912,607,1014,3	716,862,743,944,3	877,911,912,1135,1	819,929,893,1174,0
image_from_china(4479).jpg	250,782,277,866,1	482,784,505,860,1
image_from_china(4482).jpg	0,245,223,670,1
image_from_china(4483).jpg	0,485,353,1221,0	127,240,337,641,1
image_from_china(4485).jpg	483,785,505,862,0	252,787,275,862,0
image_from_china(4487).jpg	517,281,565,431,1	478,446,643,631,1	668,311,787,571,1	795,301,883,533,1	892,333,1002,548,1	0,279,49,379,1	603,382,649,445,1
image_from_china(4488).jpg	219,349,242,399,0
image_from_china(4491).jpg	1,595,218,1221,1	178,973,490,1221,1
image_from_china(4492).jpg	689,777,912,1221,1	128,830,325,1221,1
image_from_china(4494).jpg	0,619,135,1221,1
image_from_china(4497).jpg	786,245,810,371,1
image_from_china(4498).jpg	254,294,305,379,1	637,200,667,276,1	1187,249,1221,366,1	1016,266,1041,340,1	322,280,359,382,1	736,280,762,344,0	677,276,707,345,1	812,160,858,213,1	1041,268,1055,305,0	498,283,517,335,0
image_from_china(4500).jpg	59,308,215,853,1	273,323,408,816,1	460,350,643,871,1	819,356,1001,912,1	675,350,751,605,0	598,361,678,636,0	1009,373,1118,764,0	732,355,822,660,0	408,307,512,687,1	281,316,337,656,0	562,362,624,509,0	802,350,862,488,0	398,325,438,584,0	1008,343,1058,564,0	936,366,1001,533,0	1079,331,1170,581,0
image_from_china(461).jpg	175,462,267,678,0	398,490,517,743,0
image_from_china(462).jpg	282,441,382,710,0	248,442,299,630,0
image_from_china(464).jpg	677,255,701,345,1	156,466,228,597,0	634,182,656,241,1	661,253,681,329,0
image_from_china(476).jpg	191,197,262,364,1	166,434,247,590,1	455,421,548,570,1	686,499,864,623,1	494,342,570,441,1
image_from_china(477).jpg	163,266,256,429,1	351,411,421,573,1	498,534,576,689,1	707,525,789,665,1	853,581,911,696,0
image_from_china(484).jpg	543,614,614,736,1	531,63,567,170,1
image_from_china(485).jpg	575,670,664,769,1	560,100,594,202,1
image_from_china(505).jpg	129,559,165,664,1	394,539,447,636,1	468,541,515,627,1	435,537,470,618,0	496,531,522,588,1	357,313,387,356,1
image_from_china(519).jpg	409,0,903,627,0	1094,358,1216,714,0
image_from_china(521).jpg	861,511,1048,805,1	1007,573,1099,801,1
image_from_china(522).jpg	450,0,1216,911,0
image_from_china(524).jpg	0,94,623,1216,1
image_from_china(528).jpg	253,0,637,433,0
image_from_china(533).jpg	0,0,446,696,0	0,1065,288,1216,0
image_from_china(536).jpg	411,0,537,298,0	612,272,643,295,1	705,271,731,308,1	735,270,756,315,1	763,273,791,322,1	833,164,851,190,1	742,140,759,166,0	762,131,776,159,1	815,318,851,358,1
image_from_china(551).jpg	462,0,631,425,0	0,294,240,695,0	732,0,911,452,0
image_from_china(554).jpg	40,700,86,794,1	69,610,105,682,0	0,718,48,816,1	309,363,329,411,0
image_from_china(557).jpg	513,0,911,1098,0	0,0,330,334,0
image_from_china(560).jpg	382,290,614,600,0
image_from_china(561).jpg	209,198,774,909,0	679,443,942,676,0	0,78,125,628,0
image_from_china(563).jpg	354,323,535,689,1	0,0,430,910,0	84,0,291,718,0	404,339,911,910,0	725,515,949,715,0	1096,633,1216,911,0	619,78,632,125,1	946,78,955,102,0	960,78,970,105,1	972,78,979,107,1	1048,78,1058,108,1
image_from_china(564).jpg	399,0,1216,675,0
image_from_china(565).jpg	232,0,413,405,0
image_from_china(575).jpg	0,494,272,1216,0
image_from_china(576).jpg	36,85,179,423,0	227,470,911,1216,1	415,551,566,700,1
image_from_china(577).jpg	0,70,680,1216,1	276,447,391,690,0	630,807,756,969,1
image_from_china(579).jpg	0,81,291,709,1	790,280,910,548,0	1054,697,1201,851,1	452,92,481,151,1
image_from_china(586).jpg	181,22,278,299,1	0,120,36,280,1	14,0,127,313,0	77,168,133,281,0
image_from_china(587).jpg	77,37,159,293,1	0,0,91,320,0	45,173,95,285,0	450,291,461,308,1	232,213,245,243,0	195,207,208,248,1
image_from_china(59).jpg	386,241,568,840,0	625,282,790,748,0	752,279,874,793,0	813,225,999,891,0	335,263,463,701,0
image_from_china(591).jpg	612,226,697,421,1	344,238,388,395,1	529,249,567,379,1	492,245,513,296,1	721,237,731,252,1
image_from_china(613).jpg	0,206,851,1216,0
image_from_china(619).jpg	7,491,217,674,1	261,387,456,618,1
image_from_china(620).jpg	256,0,342,166,0	714,798,911,1019,1	176,0,263,123,0
image_from_china(626).jpg	0,0,569,911,0	186,0,687,463,0	870,0,1216,633,0
image_from_china(628).jpg	163,304,227,443,1	251,258,297,417,1
image_from_china(629).jpg	779,188,839,365,1	412,297,557,511,1	376,441,475,542,1
image_from_china(631).jpg	176,351,217,453,0	431,272,488,365,1	665,279,702,363,1	430,471,493,537,1	618,492,678,558,1	868,501,917,553,1	965,361,1006,460,1	1144,273,1201,388,1	901,132,935,224,1	813,117,844,219,1	774,122,804,217,1	1071,214,1109,316,1	1058,191,1094,294,1	1036,171,1083,278,1	270,463,321,557,1	764,112,790,206,1	909,35,927,73,1
image_from_china(654).jpg	14,412,74,583,1	213,485,268,659,1	234,430,279,525,1	762,112,785,174,1	733,109,758,172,1	58,244,89,297,1	0,675,40,843,1	240,71,260,119,1	280,38,298,79,1	220,9,229,41,1	177,52,198,76,0	0,97,13,147,0	46,102,65,158,1	39,91,58,117,1	127,27,139,69,1	144,6,159,38,1	182,25,195,47,1
image_from_china(662).jpg	812,605,912,735,1	720,0,741,38,0	784,18,806,36,1	882,1,902,33,0	979,107,1002,125,0	1118,173,1144,189,0
image_from_china(663).jpg	213,0,436,432,0
image_from_china(665).jpg	854,584,887,664,1	132,639,180,697,1	419,572,446,621,1	372,483,398,521,1	514,653,534,672,1	621,586,644,639,1	573,614,597,667,1	582,611,598,638,1	729,299,744,337,1	744,252,755,289,1	758,242,775,268,1	895,246,913,285,1	936,227,950,266,1	924,205,939,242,1	1023,173,1036,206,1	722,81,732,96,0	691,64,705,87,1	641,57,653,81,0	738,54,746,73,1	782,103,790,126,0	799,109,817,128,1	957,72,969,97,0	951,70,960,93,0	1105,326,1134,355,1	311,102,323,125,1	332,104,342,121,1	364,82,375,102,1	382,85,393,104,1	387,75,399,100,1	177,59,190,82,0	36,123,46,137,0
image_from_china(670).jpg	104,668,230,812,1	515,311,540,342,1	565,321,587,342,1	589,357,619,406,1	639,405,669,427,1	749,459,774,505,1	246,709,320,854,1	47,112,104,164,1	49,22,83,81,1	261,136,275,161,1	273,127,285,162,1	884,898,911,940,0	845,822,911,902,0
image_from_china(671).jpg	250,712,340,831,1	108,833,176,1020,1	290,905,397,1011,1	267,397,319,533,1	311,190,353,258,1	231,227,259,282,1	278,168,314,215,1
image_from_china(672).jpg	417,1011,521,1149,1	488,243,546,339,1	528,157,565,264,1	515,56,547,137,1	323,20,350,79,1	350,59,378,128,1	359,50,380,76,1	103,0,120,31,0	2,95,31,156,1	0,154,27,216,0	0,132,36,200,1	49,16,74,53,1	43,6,53,26,1
image_from_china(677).jpg	954,343,1216,794,1
image_from_china(689).jpg	459,472,531,610,1	258,469,332,627,1	298,402,352,531,1	232,340,302,469,1	187,280,226,377,1	557,317,591,420,1	761,329,805,431,1	658,245,684,308,1	626,236,652,320,1	585,143,602,193,1	621,143,638,193,1	107,108,124,159,1	218,89,231,119,1	109,56,121,87,1	102,60,113,86,1
image_from_china(693).jpg	147,167,219,316,1	36,421,121,538,1	536,206,608,275,1	651,237,713,374,1	319,43,370,141,1	986,109,1043,239,1	384,39,421,143,1	1055,101,1109,194,1
image_from_china(710).jpg	836,300,948,613,1	644,314,737,531,0	939,313,986,555,0
image_from_china(713).jpg	124,316,197,447,1	352,294,425,387,1	484,352,569,474,1	53,306,112,423,1	609,386,664,490,1	563,365,619,476,1	839,418,890,505,1	767,352,822,429,1	92,82,137,185,1
image_from_china(715).jpg	274,11,390,205,1
image_from_china(720).jpg	621,0,911,870,1	211,57,271,191,1	601,6,645,155,1
image_from_china(736).jpg	377,286,403,364,1	757,242,782,307,1	816,224,842,274,1	844,234,866,287,1	379,242,409,298,1	524,94,537,138,1
image_from_china(744).jpg	130,161,353,861,1	291,75,543,911,1	490,164,739,781,0
image_from_china(747).jpg	396,188,592,644,0
image_from_china(754).jpg	163,367,249,592,1	401,385,469,582,1	663,396,712,450,1	778,586,892,668,1	25,395,121,605,1	440,349,501,426,1	222,477,296,576,1	242,276,265,328,1	0,283,11,329,1
image_from_china(755).jpg	117,222,211,427,1	455,123,486,209,1	583,287,684,384,1	805,166,837,248,1	568,258,645,353,1	18,138,73,174,1	837,183,860,216,1	722,95,740,137,0	707,93,722,129,1	432,55,440,68,1	136,81,148,98,1	109,82,119,102,0
image_from_china(767).jpg	520,267,539,339,1	849,375,880,484,1	880,218,908,287,1	642,262,667,340,1	1144,292,1182,374,1	204,204,223,276,1
image_from_china(771).jpg	705,704,749,843,1	836,678,885,808,1	281,481,296,529,1	439,496,458,519,0
image_from_china(778).jpg	776,414,870,576,1	870,403,913,565,1	1052,597,1146,768,1	1130,577,1193,741,1	1180,547,1210,613,1
image_from_china(779).jpg	737,347,836,508,1	835,353,884,518,1	1035,545,1129,714,1	1101,534,1209,690,1	1133,499,1182,585,1
image_from_china(792).jpg	15,391,111,693,1	268,370,383,620,1	905,318,980,513,1	1028,360,1101,455,1	74,407,150,587,1	1016,240,1047,321,1	642,338,714,416,1	425,321,462,370,1	463,251,484,306,1
image_from_china(793).jpg	572,394,662,548,1	0,294,45,442,1	611,219,638,300,1	393,264,425,338,0	1150,258,1202,399,1	610,318,678,434,1	759,292,831,415,1	802,269,858,325,1	880,220,908,296,1	935,228,965,313,1
image_from_china(794).jpg	501,287,555,364,1	728,251,762,307,1	816,258,848,292,1	898,230,926,286,1	846,345,941,506,1	963,251,1008,339,1	1124,257,1170,345,1	873,298,932,355,1	1023,246,1058,291,1
image_from_china(795).jpg	176,217,214,315,1	38,214,76,268,1	285,269,339,387,1	355,304,430,452,1	346,212,377,308,1	505,214,532,247,1	608,210,652,332,1	680,215,711,281,0	714,209,746,315,1	822,212,858,286,0	875,179,899,232,1	933,179,956,231,1	956,177,983,233,1	0,238,17,294,0	375,189,395,250,1	922,208,946,248,1
image_from_china(802).jpg	0,0,355,394,0
image_from_china(809).jpg	513,92,553,168,1	808,307,828,375,1	858,312,878,380,1	964,313,984,383,1	968,303,987,328,1	913,276,932,289,1	667,246,681,289,1	1023,311,1042,388,1	1042,304,1062,378,1	764,120,777,157,1	1031,139,1047,160,1	203,245,219,273,1	250,271,268,293,1	285,258,302,298,1
image_from_china(810).jpg	950,158,990,281,1	888,155,914,232,1	860,169,881,219,1	1042,152,1077,237,1	1083,185,1105,216,1	1178,159,1200,201,1	1017,152,1038,204,1	1176,185,1210,211,1
image_from_china(811).jpg	529,123,558,197,1	198,129,259,275,1	390,129,417,179,1	16,138,38,194,1
image_from_china(833).jpg	810,280,876,369,1	870,253,957,369,1	951,294,977,367,1	1001,263,1014,310,1	965,260,979,307,1
image_from_china(835).jpg	804,97,895,334,1	237,85,299,290,1	82,187,119,252,1	397,218,439,278,1	182,205,218,257,1	223,119,259,269,0
image_from_china(840).jpg	20,95,132,461,1	835,170,893,339,1	956,195,1013,350,1	1131,190,1181,336,1	1001,157,1026,278,1	272,60,288,118,1	367,72,386,129,1	493,74,514,130,1
image_from_china(841).jpg	648,200,694,269,1	605,122,626,178,1	588,124,606,184,1	420,164,464,268,1	387,136,408,228,1	402,134,420,222,1	266,143,300,230,1	296,129,315,185,1	227,121,248,168,0	62,125,83,180,1	122,122,143,178,1	141,119,157,173,1	265,119,281,166,1	734,149,749,170,1
image_from_china(842).jpg	323,177,486,470,1	661,0,788,181,0	1158,109,1195,203,1	973,83,994,152,1
image_from_china(844).jpg	123,0,278,369,0	304,0,416,277,0
image_from_china(845).jpg	505,387,545,470,1	881,410,906,440,1	260,381,315,539,1	309,387,349,481,1	179,382,234,538,0	106,364,173,537,1	35,373,72,516,1	0,389,21,473,1	90,385,106,465,1
image_from_china(846).jpg	78,403,116,496,1	110,394,146,502,1	151,399,191,504,1	242,405,274,500,1	354,393,382,456,1	408,391,431,460,1	194,396,236,504,1
image_from_china(848).jpg	245,372,327,550,1
image_from_china(849).jpg	448,229,463,273,1	854,226,866,270,1	631,219,644,247,1	754,222,766,242,1	807,224,819,245,1
image_from_china(854).jpg	601,412,766,908,1
image_from_china(857).jpg	171,0,252,136,0
image_from_china(858).jpg	986,20,1131,213,1
image_from_china(862).jpg	530,0,911,1003,1	29,0,265,754,1	151,0,296,667,1	857,0,911,169,0
image_from_china(863).jpg	625,346,759,502,1	572,113,585,165,1	589,114,607,164,1	608,111,622,163,1	630,118,648,163,1	651,114,671,160,1	681,115,692,158,1	704,114,720,162,1
image_from_china(864).jpg	341,344,456,537,1
image_from_china(866).jpg	351,26,911,1216,1
image_from_china(868).jpg	0,0,600,677,1	707,0,911,587,0
image_from_china(869).jpg	0,0,371,715,0	849,0,911,602,0
image_from_china(870).jpg	0,0,433,1040,0
image_from_china(872).jpg	0,0,637,769,0	576,161,911,368,0
image_from_china(884).jpg	693,823,806,948,1
image_from_china(885).jpg	454,732,571,1025,1	389,734,462,1018,1
image_from_china(892).jpg	0,528,23,629,1
image_from_china(893).jpg	708,491,744,572,1
image_from_china(898).jpg	52,467,98,549,0
image_from_china(899).jpg	0,0,358,695,1	824,144,911,520,0
image_from_china(9).jpg	427,253,470,352,1	767,246,805,337,1	724,242,756,286,1	694,277,767,341,1	700,240,724,277,1
image_from_china(900).jpg	890,117,1164,573,1
image_from_china(901).jpg	149,183,220,300,0
image_from_china(912).jpg	351,203,679,1216,1	706,284,911,1123,1
image_from_china(918).jpg	425,790,532,965,1	509,746,584,852,1	405,728,487,838,1
image_from_china(931).jpg	937,729,997,911,1	952,559,993,690,1	950,537,988,613,1	986,536,1016,654,1	975,503,997,548,0
image_from_china(935).jpg	210,38,258,145,1	775,180,849,306,1	369,26,446,263,1	422,33,476,190,1	160,7,212,149,1	712,137,743,197,1	815,145,847,196,1
image_from_china(943).jpg	174,0,777,491,1
image_from_china(945).jpg	446,340,758,831,1	710,66,787,170,1	604,14,675,94,1
image_from_china(946).jpg	0,0,417,646,1
image_from_china(960).jpg	1074,0,1216,503,0	448,256,465,309,1	558,264,583,285,1	659,69,685,101,1
image_from_china(969).jpg	804,171,849,268,1	929,228,977,275,1	1140,317,1205,368,1	585,206,623,259,1	334,218,350,244,1	350,218,371,245,0	370,221,388,246,1	436,225,450,248,1	451,218,470,245,1
image_from_china(976).jpg	0,0,624,736,1
image_from_china(994).jpg	0,199,242,880,1	669,264,816,537,1	348,192,390,309,1	375,256,445,326,1	1153,208,1216,353,1	136,199,254,443,1
