image_from_china(1).jpg	992,366,1040,511,2	817,360,831,400,2	860,366,879,386,2	818,360,827,368,0	871,366,878,373,0	1000,366,1040,385,0
image_from_china(10).jpg	143,165,202,277,2	319,157,328,192,2	343,158,355,188,2	328,157,339,191,2
image_from_china(1005).jpg	210,477,279,655,2	237,477,267,509,0
image_from_china(1006).jpg	156,991,190,1093,2	694,1018,734,1155,2	772,1033,815,1176,2	775,1034,797,1051,0	703,1018,727,1035,0	165,992,185,1005,0	266,585,291,616,2	295,585,308,615,2	272,585,282,593,0	298,585,306,592,0	468,536,503,591,2	479,537,490,546,0
image_from_china(1007).jpg	343,298,438,425,2	678,410,910,963,2	777,190,887,433,2	384,299,418,336,0	777,410,871,485,0	822,190,874,226,0
image_from_china(1013).jpg	1095,337,1155,480,2	334,169,376,251,2	266,595,366,819,2	758,399,835,563,2	650,314,722,446,2	719,318,755,454,2	308,596,343,622,0	334,170,348,181,0	782,399,806,420,0	729,319,751,337,0	691,317,710,336,0	1125,338,1150,358,0	236,815,289,855,0	236,814,351,911,2	603,147,614,156,0	517,85,525,92,0	867,98,875,106,0	597,147,623,188,2	847,98,876,133,2	511,85,532,111,2	1017,151,1047,212,2	1026,151,1034,158,0
image_from_china(1014).jpg	813,149,874,308,2	549,22,605,163,2	623,656,770,807,2	236,97,318,269,2	170,6,228,153,2	78,0,175,149,2	623,656,656,692,0	844,149,874,171,0	571,23,595,44,0	262,97,290,122,0	182,7,209,27,0	129,4,154,22,0
image_from_china(1031).jpg	562,0,737,397,2	0,202,55,286,2
image_from_china(1048).jpg	0,515,250,907,2	0,341,110,648,2	0,344,64,450,0
image_from_china(1063).jpg	388,430,420,504,2	592,421,638,545,2	844,430,879,528,2	887,449,924,519,2	592,422,610,441,0	888,449,903,461,0	858,430,877,447,0	403,430,417,442,0
image_from_china(1064).jpg	713,401,774,570,2	862,411,902,510,2	921,418,951,520,2	739,404,769,422,0	872,411,889,425,0	921,418,942,429,0	413,461,452,500,2	668,226,686,279,2	673,226,682,233,0
image_from_china(1065).jpg	525,202,620,439,2	195,223,237,268,2	563,202,600,233,0	338,194,370,270,2	325,192,346,227,2	504,192,537,273,2	512,192,524,202,0	338,194,350,203,0	335,192,344,200,0	642,192,658,199,0	700,192,715,199,0	845,196,858,208,0	625,192,663,241,2	693,192,715,235,2	836,196,863,258,2	814,196,830,257,2	814,196,827,205,0	208,224,221,232,0
image_from_china(1067).jpg	785,358,936,476,2	879,359,917,384,0
image_from_china(1068).jpg	286,505,454,699,2	594,314,629,413,2	746,324,811,414,2	425,295,466,458,2	381,307,430,475,2	211,273,255,429,2	154,297,215,407,2	393,307,419,329,0	439,295,465,317,0	608,315,625,327,0	216,274,239,289,0	186,298,207,313,0	787,324,810,338,0
image_from_china(1070).jpg	758,0,909,457,2	833,0,900,45,0	773,46,834,92,0	806,29,848,55,0	764,46,836,220,2	732,139,761,201,2
image_from_china(1076).jpg	114,0,547,436,2	826,168,1215,834,2	0,183,252,910,2
image_from_china(1097).jpg	364,136,420,304,2	69,182,111,282,2	72,183,93,198,0	376,136,400,152,0
image_from_china(1098).jpg	1090,196,1154,341,2	1117,196,1146,217,0
image_from_china(1109).jpg	372,450,388,496,2	206,437,226,480,2	165,1081,210,1190,2	116,441,138,483,2	72,475,97,506,2	166,1082,189,1099,0	209,437,216,442,0	116,442,122,448,0	847,446,868,486,2	847,446,855,453,0
image_from_china(1123).jpg	738,0,881,310,2
image_from_china(1127).jpg	0,0,198,604,2	135,0,360,476,2	951,75,1029,167,2	959,76,1009,117,0
image_from_china(1133).jpg	1,64,653,910,2	0,65,200,333,0
image_from_china(1149).jpg	417,377,474,514,2	425,378,452,399,0	788,1155,846,1216,2	797,1155,820,1177,0
image_from_china(1155).jpg	464,1,676,311,2
image_from_china(1161).jpg	170,688,214,788,2	17,946,79,1032,2	23,946,51,965,0	188,688,202,700,0
image_from_china(1167).jpg	731,496,911,1216,2
image_from_china(1168).jpg	585,653,910,1215,2
image_from_china(1173).jpg	671,461,718,534,2	951,467,1000,564,2	295,455,316,502,2	273,458,301,502,2	689,462,709,476,0	299,455,310,463,0	288,458,301,467,0
image_from_china(1183).jpg	379,120,511,244,2	246,193,386,312,2	379,120,435,169,0
image_from_china(1185).jpg	1,0,747,611,2	220,0,746,333,0
image_from_china(1192).jpg	0,473,438,1215,2
image_from_china(1195).jpg	456,500,624,836,2	765,440,869,807,2	424,421,456,525,2	587,521,657,606,2	538,501,579,530,0	812,440,870,492,0	638,528,656,555,0	433,421,449,433,0	456,427,474,499,2	460,427,472,439,0
image_from_china(1200).jpg	0,827,73,1215,2	36,813,129,978,2	91,813,120,838,0	0,827,37,862,0
image_from_china(1202).jpg	278,628,372,910,2	18,605,89,791,2	311,586,357,694,2	26,606,52,635,0	323,586,357,610,0	279,628,340,669,0
image_from_china(1253).jpg	676,260,727,333,2	345,190,399,329,2	1,336,312,774,2	92,167,209,381,2	520,196,567,328,2	583,188,633,297,2	134,167,210,237,0	218,337,310,451,0	684,260,706,273,0	605,188,622,201,0	773,301,837,349,2	829,301,837,321,0
image_from_china(1296).jpg	418,0,559,447,2	344,129,470,376,2	332,27,430,149,2	25,0,82,112,2	363,130,423,192,0	332,40,364,80,0
image_from_china(1298).jpg	30,0,299,529,2
image_from_china(1299).jpg	402,0,664,383,2	0,321,292,820,2
image_from_china(13).jpg	393,205,426,320,2	399,206,417,217,0
image_from_china(1300).jpg	378,182,661,433,2	503,117,642,316,2
image_from_china(1303).jpg	343,255,619,539,2
image_from_china(1321).jpg	669,0,1106,602,2	1033,316,1216,911,2	718,0,1003,90,0
image_from_china(1330).jpg	834,511,881,667,2	468,537,561,673,2	591,516,621,605,2	328,503,362,601,2	186,502,222,615,2	48,494,101,624,2	102,547,148,622,2	56,495,81,516,0	109,547,148,574,0	194,502,211,518,0	341,503,358,516,0	600,516,617,529,0	536,516,562,613,2	547,507,567,546,2	548,507,564,516,0	441,516,466,624,2	620,521,650,579,2	446,515,461,525,0
image_from_china(1336).jpg	588,108,693,235,2	629,109,671,155,0	508,0,603,167,2
image_from_china(1341).jpg	371,528,472,757,2	372,528,418,560,0
image_from_china(1343).jpg	332,0,396,152,2	479,11,566,102,2	627,0,684,131,2	0,0,77,146,2
image_from_china(1352).jpg	345,0,428,240,2	424,0,452,143,2
image_from_china(1365).jpg	213,174,911,1212,2	211,174,685,755,0
image_from_china(1375).jpg	277,185,339,345,2	404,184,458,330,2	194,196,261,346,2	139,194,195,375,2	0,561,96,901,2	259,190,303,339,2	142,194,189,218,0	404,185,434,201,0
image_from_china(1377).jpg	990,300,1060,475,2	299,265,376,526,2	434,291,527,484,2	571,286,632,558,2	672,283,776,572,2	553,290,596,518,2	667,291,703,519,2
image_from_china(1378).jpg	214,324,267,498,2
image_from_china(1379).jpg	844,128,904,327,2	1001,129,1087,390,2	1141,132,1212,399,2	1092,134,1154,333,2
image_from_china(1392).jpg	0,0,255,433,2
image_from_china(1394).jpg	57,1,371,569,2	405,154,462,229,0	327,146,462,406,2
image_from_china(1396).jpg	530,585,675,778,2	533,475,569,584,2	478,480,506,586,2	449,483,478,582,2	401,496,449,582,2	350,474,388,589,2	307,474,338,571,2	338,486,356,556,2	308,474,336,494,0	346,486,356,495,0	353,474,371,485,0	406,497,423,507,0	461,483,477,498,0	484,480,499,491,0	533,475,556,490,0
image_from_china(140).jpg	803,21,849,154,2	419,49,470,118,2	1009,59,1063,160,2	1102,42,1164,174,2	446,50,469,67,0	814,22,836,36,0	1141,42,1164,66,0
image_from_china(1403).jpg	632,577,739,840,2	312,670,481,902,2	449,591,510,730,2
image_from_china(1404).jpg	437,548,550,864,2	676,623,770,831,2
image_from_china(1413).jpg	0,423,150,869,2	0,424,45,462,0
image_from_china(1415).jpg	442,304,519,513,2	507,304,577,478,2	1158,337,1221,485,2	451,264,482,286,0	463,304,511,342,0	528,305,577,336,0	434,263,486,465,2	1165,337,1209,360,0
image_from_china(1416).jpg	1178,352,1239,504,2	527,333,601,493,2	463,323,539,531,2	472,281,506,302,0	461,281,506,480,2	484,323,532,361,0	558,334,601,363,0	1185,352,1228,374,0
image_from_china(1417).jpg	1144,345,1210,487,2	443,313,516,515,2	508,314,580,479,2	436,270,479,465,2	529,314,580,348,0	460,313,514,346,0	448,271,479,290,0	1154,345,1199,365,0
image_from_china(1419).jpg	1221,358,1282,507,2	513,331,588,536,2	587,322,660,497,2	1221,357,1267,378,0	506,286,546,487,2	610,322,660,357,0	528,331,588,364,0	516,286,546,306,0
image_from_china(1422).jpg	1116,0,1281,186,2
image_from_china(1426).jpg	692,0,817,87,2
image_from_china(1430).jpg	476,254,543,450,2	609,324,722,529,2	734,276,805,454,2	827,218,928,400,2	880,124,938,254,2	476,254,531,272,0	621,324,678,352,0	735,276,786,301,0	846,218,895,243,0	880,124,917,144,0
image_from_china(1483).jpg	0,200,514,1216,2	48,201,263,324,0
image_from_china(1490).jpg	323,28,458,436,2	323,28,432,83,0
image_from_china(1506).jpg	235,0,1165,348,2
image_from_china(1514).jpg	416,75,720,1004,2	463,76,602,232,0
image_from_china(1521).jpg	785,458,911,1087,2	863,459,911,507,0
image_from_china(1525).jpg	738,208,862,585,2	725,542,831,964,2	752,208,813,245,0
image_from_china(1527).jpg	736,450,864,631,2	531,561,711,768,2	386,205,506,357,2	449,173,543,320,2	421,205,499,254,0	618,561,710,653,0	770,450,844,489,0
image_from_china(1528).jpg	0,90,366,488,2	102,91,281,187,0
image_from_china(1529).jpg	270,444,361,644,2	277,444,361,498,0
image_from_china(1531).jpg	787,533,898,672,2	781,199,880,439,2	828,480,899,533,2	835,480,899,517,0	704,383,736,422,2
image_from_china(1532).jpg	809,532,929,670,2	802,166,893,437,2	845,480,918,532,2	727,378,754,417,2	852,480,918,513,0	1197,386,1216,427,2	1200,386,1212,393,0
image_from_china(1534).jpg	123,187,143,216,2	158,187,181,215,2	126,187,138,194,0	158,187,173,196,0
image_from_china(1536).jpg	285,330,447,631,2	1378,387,1468,536,2	1288,379,1334,538,2	1328,382,1363,538,2
image_from_china(1541).jpg	70,555,183,1198,2	72,555,162,622,0	152,564,210,621,0	0,507,44,561,0	152,564,238,1036,2	0,506,80,1108,2
image_from_china(1542).jpg	622,506,801,1103,2	855,494,911,1118,2	739,509,810,689,2	463,521,496,629,2	471,521,488,534,0	739,509,782,564,0	881,494,911,531,0	774,919,854,1007,0
image_from_china(1567).jpg	127,406,711,1216,2	652,259,911,1114,2	377,406,604,619,0
image_from_china(1568).jpg	418,246,731,986,2
image_from_china(1569).jpg	394,472,550,939,2	492,395,618,859,2	279,486,375,832,2	505,395,578,450,0	350,461,440,746,2	47,451,122,762,2	424,472,500,544,0	387,462,440,501,0
image_from_china(1570).jpg	664,137,1012,745,2	0,0,331,912,2	798,139,893,205,0	1318,98,1422,258,2	848,110,914,239,2	848,110,914,144,0	1318,98,1422,175,0
image_from_china(1571).jpg	706,139,1006,737,2	0,0,460,912,2	1373,3,1500,235,2	798,140,894,212,0	916,90,982,232,2	922,90,976,135,0	1373,4,1476,47,0
image_from_china(1572).jpg	869,410,974,539,2	960,459,997,535,2	966,459,992,478,0	869,410,923,447,0
image_from_china(1583).jpg	234,3,843,1215,2	3,692,284,1212,2	469,0,717,80,0
image_from_china(1595).jpg	0,0,478,1216,2	59,0,294,69,0
image_from_china(1603).jpg	176,468,289,875,2
image_from_china(1618).jpg	994,636,1216,911,2	1036,636,1109,709,0
image_from_china(1656).jpg	565,0,911,1026,2
image_from_china(1658).jpg	244,343,325,544,2	320,242,403,332,2	397,386,535,522,2	586,228,647,394,2	400,235,462,322,2	252,343,320,385,0	408,235,455,262,0
image_from_china(1680).jpg	522,364,594,573,2	530,364,556,387,0
image_from_china(1717).jpg	271,318,741,978,2	643,318,741,460,0
image_from_china(1725).jpg	27,79,423,929,2	201,79,393,281,0
image_from_china(1726).jpg	0,375,376,1216,2	457,214,911,1170,2	457,214,637,428,0	93,375,321,543,0
image_from_china(1746).jpg	882,410,935,562,2	659,439,692,501,2	335,400,360,473,2	473,414,527,560,2	422,418,465,577,2	396,419,433,501,2	513,426,536,458,2	517,426,528,435,0	473,414,511,429,0	427,418,465,435,0	396,419,427,433,0	338,400,354,413,0	739,483,770,505,2	739,483,767,496,0	900,410,935,430,0
image_from_china(1749).jpg	407,401,571,869,2	706,389,732,453,2	817,387,849,469,2	982,412,1011,454,2	1121,418,1166,527,2	861,390,894,468,2	1068,413,1122,513,2	861,390,881,399,0	825,387,847,397,0	712,389,730,399,0	993,412,1006,420,0	1121,418,1164,437,0
image_from_china(1751).jpg	806,409,932,660,2	391,426,428,535,2	291,420,319,514,2	182,427,213,467,2	891,394,986,542,2	911,394,958,419,0	870,409,932,440,0	391,426,420,444,0	193,427,205,438,0
image_from_china(1753).jpg	1,167,468,1216,2	80,168,333,385,0
image_from_china(1778).jpg	435,350,534,474,2	537,362,625,470,2	491,350,524,379,0	565,362,622,397,0
image_from_china(1784).jpg	390,1,911,1216,2
image_from_china(1785).jpg	498,81,910,369,2
image_from_china(1790).jpg	178,491,236,607,2	445,513,478,551,2	496,518,529,555,2	542,529,577,575,2	567,511,600,543,2	593,497,628,523,2	631,500,661,530,2	654,493,679,523,2	405,519,432,552,2	178,491,210,504,0	405,519,426,533,0	450,513,463,523,0	498,518,525,534,0	553,529,577,545,0	569,511,582,526,0	607,497,623,507,0	645,500,661,511,0	655,493,669,503,0
image_from_china(1791).jpg	266,342,407,494,2	650,382,838,572,2	936,331,1068,500,2	306,221,379,318,2	736,191,787,291,2	637,306,732,423,2	328,342,407,390,0	335,221,379,252,0	654,306,712,338,0	749,191,782,214,0	735,382,838,473,0	947,331,1033,377,0
image_from_china(1797).jpg	1,413,321,887,2	409,339,442,431,2	322,449,416,526,2	465,424,527,504,2	733,347,770,416,2	80,363,125,495,2	228,440,284,512,2	414,339,442,350,0	360,449,414,483,0	473,424,520,447,0	127,413,283,481,0	83,363,125,381,0
image_from_china(18).jpg	66,727,105,822,2	514,681,569,830,2	265,719,305,803,2	564,696,615,835,2	98,730,131,819,2
image_from_china(181).jpg	0,0,666,1215,2
image_from_china(1810).jpg	25,530,147,923,2	30,530,86,585,0
image_from_china(1816).jpg	373,249,650,916,2	770,385,911,662,2	439,249,626,359,0
image_from_china(1818).jpg	0,0,320,533,2	79,3,163,74,0
image_from_china(1822).jpg	308,619,425,831,2	628,671,814,869,2	652,671,710,719,0	368,682,412,739,0
image_from_china(1824).jpg	265,643,380,800,2	572,623,747,840,2	619,623,678,667,0	298,644,344,697,0
image_from_china(1826).jpg	614,49,1037,666,2
image_from_china(1832).jpg	393,342,462,444,2	524,209,589,403,2
image_from_china(1834).jpg	0,0,232,261,2
image_from_china(1835).jpg	713,153,911,866,2	787,153,911,273,0
image_from_china(1849).jpg	924,501,1017,598,2	398,376,466,573,2	370,482,432,555,2	924,501,973,526,0	397,375,449,392,0
image_from_china(1850).jpg	937,508,1029,602,2	421,377,487,569,2	393,481,454,549,2	421,377,472,394,0	937,508,985,533,0
image_from_china(1851).jpg	970,444,1189,644,2	793,600,972,683,2
image_from_china(1852).jpg	985,428,1192,623,2	785,569,947,665,2
image_from_china(1882).jpg	919,150,1100,394,2	1020,0,1119,245,2	759,0,809,135,2	810,0,867,131,2	1068,0,1118,23,0	778,0,807,7,0
image_from_china(1888).jpg	227,311,328,619,2	365,340,466,498,2
image_from_china(189).jpg	691,381,782,716,2	720,381,760,410,0
image_from_china(1900).jpg	531,858,595,956,2	440,892,508,973,2	485,892,508,912,0	534,858,558,879,0
image_from_china(1909).jpg	0,0,341,1127,2
image_from_china(191).jpg	1,653,60,887,2	56,655,125,895,2	100,637,132,663,0	100,638,138,866,2	125,660,151,826,2
image_from_china(1923).jpg	231,465,342,785,2
image_from_china(1935).jpg	587,441,605,509,2	697,432,724,500,2	554,438,581,503,2	654,487,703,540,2	567,438,577,448,0	589,441,599,449,0	663,487,673,506,0	708,432,716,440,0	847,732,911,1216,2
image_from_china(194).jpg	822,164,1216,911,2
image_from_china(1955).jpg	182,369,394,811,2	463,330,627,610,2	703,313,805,433,2	182,369,390,500,0	484,330,571,375,0	722,313,805,363,0
image_from_china(1966).jpg	236,264,285,397,2	0,342,96,835,2	389,301,448,407,2	475,218,544,295,2	457,274,506,448,2	515,324,593,448,2	591,292,684,501,2	547,324,585,349,0	0,251,119,581,2	0,250,47,282,0	266,264,285,284,0	409,301,429,321,0	462,274,490,295,0	629,292,663,326,0	654,690,911,1216,2
image_from_china(1970).jpg	729,412,872,912,2	575,425,630,541,2	840,431,917,681,2	760,410,800,489,2	438,441,476,492,2	13,459,44,498,2	809,712,890,804,0	865,431,909,473,0
image_from_china(1973).jpg	367,366,530,912,2	952,373,999,450,2	869,312,912,419,2	367,366,530,464,0	964,373,983,384,0
image_from_china(1974).jpg	0,0,778,885,2	755,0,1216,912,2
image_from_china(1980).jpg	0,476,544,1216,2
image_from_china(1983).jpg	767,348,936,629,2	838,348,878,380,0
image_from_china(1984).jpg	531,522,551,587,2
image_from_china(1988).jpg	0,0,632,1216,2	136,0,696,855,2
image_from_china(1990).jpg	853,514,924,750,2	188,519,202,563,2	191,519,201,524,0
image_from_china(2).jpg	0,535,139,912,2	884,466,917,581,2	439,457,488,566,2	378,444,419,570,2	884,466,902,481,0	467,457,484,468,0	396,444,415,454,0	0,534,59,583,0
image_from_china(200).jpg	504,105,632,539,2	546,106,612,151,0
image_from_china(2018).jpg	687,614,911,1216,2	688,614,881,828,0
image_from_china(2019).jpg	3,318,152,776,2	0,352,68,717,2	20,352,67,382,0
image_from_china(2034).jpg	924,499,944,560,2	924,499,941,509,0
image_from_china(2039).jpg	4,105,198,618,2	483,37,639,473,2	27,105,134,194,0	549,37,618,92,0
image_from_china(2057).jpg	507,725,566,868,2	523,725,548,748,0	0,804,67,1006,2	0,804,11,834,0
image_from_china(2068).jpg	983,803,1026,857,2	994,808,1010,820,0
image_from_china(2070).jpg	139,713,186,755,2	163,713,176,723,0
image_from_china(2074).jpg	788,402,979,912,2	712,425,786,689,2	663,428,712,646,2	600,423,651,680,2	552,418,612,697,2	510,422,564,638,2	460,411,519,619,2	393,410,450,607,2	305,457,378,723,2	249,421,338,629,2	283,421,315,442,0	321,406,347,423,0	405,410,433,426,0	510,422,540,442,0	664,428,694,448,0	313,406,363,479,2	498,462,517,486,0
image_from_china(2075).jpg	123,429,237,660,2	271,417,346,628,2	359,418,428,631,2	395,450,469,728,2	564,420,627,694,2	611,423,671,668,2	693,425,767,663,2	796,413,858,648,2	963,390,1097,761,2	803,413,835,435,0	444,425,476,445,0	283,416,312,437,0	162,429,198,451,0	182,414,216,432,0	444,425,495,643,2	407,467,428,495,0	182,414,256,636,2
image_from_china(2095).jpg	233,263,323,365,2	233,269,268,312,0
image_from_china(2096).jpg	387,368,508,530,2	163,288,282,387,2	201,288,245,318,0	571,232,590,246,0	562,231,590,303,2
image_from_china(2123).jpg	228,504,450,777,2	861,343,1215,908,2	1078,343,1178,430,0	548,318,596,468,2	935,324,993,475,2	378,572,443,643,0	551,319,588,336,0	215,348,275,389,0	202,346,306,699,2
image_from_china(2127).jpg	746,508,764,546,2	751,508,763,515,0
image_from_china(2129).jpg	786,390,800,415,2	786,390,799,397,0
image_from_china(2132).jpg	1027,478,1062,536,2	1035,478,1053,486,0
image_from_china(2135).jpg	738,392,752,436,2	768,390,782,435,2
image_from_china(2149).jpg	112,296,264,891,2	215,312,340,767,2	388,337,536,744,2	480,335,573,688,2	564,337,702,762,2	869,331,995,769,2	980,324,1089,874,2	159,296,250,350,0	254,312,315,356,0	433,337,488,380,0	514,335,558,368,0	606,337,665,371,0	653,331,698,361,0	916,331,977,368,0	980,324,1059,369,0	651,331,746,714,2
image_from_china(2154).jpg	639,287,729,569,2	466,277,538,479,2
image_from_china(216).jpg	0,0,349,910,2	465,526,837,911,2
image_from_china(2177).jpg	0,331,376,785,2	244,314,442,576,2	647,317,836,538,2	944,421,1216,912,2	651,380,1006,798,2	676,338,899,657,2
image_from_china(218).jpg	662,703,768,911,2	746,544,816,671,2	746,544,767,565,0
image_from_china(2181).jpg	377,482,425,539,2	561,465,609,519,2	413,470,460,531,2	584,465,602,482,0	413,454,457,505,2	419,454,440,466,0	423,470,452,486,0	400,482,424,503,0
image_from_china(2182).jpg	128,207,459,849,2
image_from_china(2186).jpg	632,521,653,603,2	632,521,644,530,0
image_from_china(2187).jpg	230,573,324,804,2	723,688,777,824,2	256,573,289,594,0	738,688,756,707,0
image_from_china(2189).jpg	52,223,135,322,2	360,245,412,383,2	410,265,465,377,2	425,265,440,283,0	392,245,412,266,0	256,262,269,272,0	80,223,100,237,0	249,262,270,349,2
image_from_china(2194).jpg	320,396,911,1013,2	151,0,800,479,2
image_from_china(221).jpg	195,0,910,610,2
image_from_china(2211).jpg	304,347,434,792,2	304,347,358,389,0
image_from_china(2213).jpg	393,383,474,611,2	552,454,625,558,2	762,360,834,590,2	267,451,320,520,2	762,360,823,386,0
image_from_china(2215).jpg	180,693,282,947,2	694,704,789,978,2	125,656,225,934,2
image_from_china(2216).jpg	247,611,291,783,2	498,605,555,753,2	464,612,505,697,2	587,596,670,738,2	249,611,273,630,0	518,605,539,623,0	476,612,492,626,0	638,597,661,614,0
image_from_china(222).jpg	0,0,821,605,2
image_from_china(2224).jpg	0,0,279,678,2
image_from_china(223).jpg	0,479,175,1216,2	337,0,648,615,2
image_from_china(2235).jpg	505,0,910,625,2	748,0,911,171,0
image_from_china(2236).jpg	488,547,504,616,2	581,541,612,634,2	608,546,634,634,2	748,550,765,614,2	590,541,601,548,0
image_from_china(224).jpg	87,0,540,497,2	0,627,319,1216,2
image_from_china(2248).jpg	572,462,586,498,2	572,462,583,468,0
image_from_china(226).jpg	96,80,582,910,2
image_from_china(2301).jpg	418,0,911,645,2
image_from_china(2302).jpg	1003,344,1128,566,2	177,225,218,345,2	1091,321,1216,603,2	1101,298,1168,405,2
image_from_china(2303).jpg	869,0,1103,632,2	978,170,1216,911,2
image_from_china(2308).jpg	999,574,1076,693,2	1013,574,1030,588,0
image_from_china(2320).jpg	227,463,269,553,2	249,463,269,479,0
image_from_china(2331).jpg	608,80,1216,911,2
image_from_china(234).jpg	331,823,393,983,2	504,831,548,983,2	560,834,610,986,2	359,823,381,847,0	527,831,545,850,0	578,834,598,848,0
image_from_china(2341).jpg	81,422,406,798,2	618,119,887,769,2
image_from_china(2360).jpg	776,411,800,460,2	780,411,796,422,0	934,409,945,436,2
image_from_china(2366).jpg	518,523,529,546,2
image_from_china(2377).jpg	0,374,231,910,2	296,331,440,484,2	393,358,604,530,2	616,370,720,551,2	690,390,823,603,2	965,393,1168,652,2	977,601,1216,912,2	758,350,821,487,2	1160,442,1216,625,2
image_from_china(2379).jpg	1059,378,1216,526,2	916,385,1064,513,2	738,369,835,521,2	621,374,735,558,2	491,355,633,576,2	264,353,469,611,2	83,310,529,695,2	0,343,108,665,2
image_from_china(238).jpg	0,65,174,684,2	258,129,334,402,2	351,130,410,389,2	422,126,497,386,2	179,269,222,326,0	20,66,105,148,0	434,126,468,152,0	126,270,230,425,2
image_from_china(2384).jpg	433,0,911,251,2
image_from_china(2385).jpg	0,0,743,1036,2	763,878,790,929,2
image_from_china(2389).jpg	537,0,911,508,2
image_from_china(239).jpg	143,53,210,268,2	288,92,368,311,2	356,90,432,322,2	385,90,422,113,0
image_from_china(2399).jpg	0,316,184,911,2	297,403,733,909,2
image_from_china(240).jpg	0,380,159,893,2	521,379,578,574,2	29,380,107,442,0	539,379,567,397,0
image_from_china(243).jpg	346,0,548,332,2	572,0,647,195,2
image_from_china(2444).jpg	225,431,259,535,2	655,434,705,496,2	670,434,680,443,0	641,468,663,494,2	235,431,251,441,0
image_from_china(2445).jpg	32,438,68,588,2	783,463,862,568,2	40,438,67,451,0	811,463,829,478,0
image_from_china(2446).jpg	249,350,344,716,2	369,636,502,912,2	275,350,339,387,0	369,636,432,698,0	1001,298,1056,362,2
image_from_china(2447).jpg	0,35,169,609,2	219,491,479,912,2	229,491,350,598,0	2,35,108,99,0	890,0,962,108,2
image_from_china(245).jpg	565,0,1216,595,2	779,0,1044,204,0
image_from_china(2453).jpg	828,454,841,488,2	942,459,956,491,2	1057,457,1064,488,2	1138,462,1150,487,2	229,482,255,551,2	349,518,384,584,2	231,482,251,495,0	369,518,380,532,0	843,475,853,485,2	833,454,838,458,0	845,475,850,479,0	1139,462,1145,467,0	1051,457,1058,474,2	1058,457,1064,461,0	1052,457,1057,461,0	986,461,1000,497,2	980,460,990,497,2	966,456,982,489,2	890,466,902,476,2	990,461,995,464,0	982,460,987,466,0	974,456,979,461,0	947,459,952,462,0	897,466,902,470,0	917,451,920,454,0	916,451,922,457,2	941,446,947,466,2
image_from_china(246).jpg	291,467,547,719,2	861,29,1162,857,2	630,105,831,529,2
image_from_china(2462).jpg	242,257,385,669,2	726,354,897,520,2	324,273,454,650,2	279,257,333,296,0	383,292,428,323,0	842,354,878,393,0
image_from_china(2468).jpg	476,93,650,530,2	524,93,587,150,0
image_from_china(2469).jpg	1078,378,1198,596,2	938,295,990,412,2	481,281,510,364,2	986,308,1023,379,2	1135,378,1175,402,0	684,242,720,342,2	994,308,1008,318,0
image_from_china(2470).jpg	524,367,617,536,2	737,360,783,491,2	559,367,586,386,0	0,361,27,463,2
image_from_china(2481).jpg	30,24,304,513,2
image_from_china(2482).jpg	271,133,296,185,2	105,118,130,183,2	668,203,708,233,2	700,203,708,213,0	281,133,289,140,0	5,114,15,121,0	1,114,27,167,2
image_from_china(2501).jpg	113,521,288,1093,2	563,566,799,1047,2
image_from_china(2535).jpg	572,456,583,482,2	379,457,391,485,2	250,458,261,487,2	252,458,257,463,0	380,457,384,461,0
image_from_china(254).jpg	466,0,911,1216,2	464,0,826,747,2	139,0,437,525,2
image_from_china(2566).jpg	403,296,611,549,2	630,320,801,506,2	748,267,912,470,2	879,289,1014,394,2	967,257,1080,399,2	0,399,420,912,2	0,339,155,604,2	549,292,657,446,2	372,295,487,472,2
image_from_china(2574).jpg	0,0,697,911,2
image_from_china(2575).jpg	0,51,898,911,2
image_from_china(261).jpg	914,103,1140,733,2	531,155,694,507,2	684,132,781,459,2
image_from_china(2625).jpg	129,370,241,665,2	133,371,178,403,0
image_from_china(2639).jpg	24,292,252,628,2	90,292,169,330,0
image_from_china(2667).jpg	0,474,128,809,2	609,558,658,597,2	97,490,180,792,2	54,432,99,474,2	662,515,725,593,2	66,432,83,442,0	58,474,106,511,0	111,490,156,520,0	682,515,695,530,0	627,531,637,545,0	627,531,637,558,2	54,445,99,474,1	613,558,658,583,1	665,518,720,554,1	627,542,637,558,1
image_from_china(2668).jpg	0,788,25,1135,2	11,804,95,1120,2	545,851,578,921,2	0,739,33,785,2	2,739,19,748,0	31,804,75,836,0	0,788,23,822,0	0,751,33,781,1	545,857,578,880,1	552,851,564,857,0	557,840,568,852,0
image_from_china(267).jpg	82,167,425,914,2
image_from_china(2670).jpg	0,790,30,1135,2	8,808,103,1122,2	0,741,35,790,2	540,820,561,861,2	540,851,575,919,2	0,790,25,825,0	35,808,77,837,0	4,741,19,751,0	540,820,551,833,0	549,851,559,857,0	549,842,559,851,0	0,753,33,783,1	540,856,575,892,1	540,828,561,849,1
image_from_china(2671).jpg	878,410,925,552,2	211,380,320,755,2	313,382,382,723,2	350,350,452,765,2	504,388,609,717,2	244,380,300,419,0	321,382,368,421,0	379,350,435,386,0	529,388,571,420,0	878,410,899,428,0	1178,390,1216,624,2
image_from_china(2672).jpg	486,466,553,695,2	190,482,245,638,2	558,472,616,683,2	663,469,723,672,2	780,486,813,618,2	190,482,209,502,0	789,486,807,501,0
image_from_china(2678).jpg	573,433,602,493,2	37,38,74,75,1	593,433,602,444,0	573,438,596,462,1
image_from_china(2685).jpg	753,417,834,707,2	779,417,818,444,0
image_from_china(2690).jpg	1047,573,1079,653,2	1004,562,1022,634,2	989,565,1009,630,2	994,565,1005,572,0	1009,562,1020,570,0	1057,573,1069,580,0
image_from_china(2691).jpg	509,638,571,733,2	537,638,552,654,0
image_from_china(2692).jpg	0,192,640,912,2	876,389,1185,910,2	178,191,346,315,0	876,389,1029,467,0
image_from_china(2698).jpg	581,592,643,786,2	743,595,797,668,2	412,588,496,733,2	412,588,435,605,0	581,592,618,615,0	753,595,773,608,0
image_from_china(2699).jpg	542,509,566,566,2	609,499,638,570,2	600,499,625,563,2	619,499,630,506,0	608,499,619,507,0
image_from_china(2701).jpg	67,569,134,738,2	1072,568,1130,655,2	81,569,110,587,0	1072,568,1086,586,0
image_from_china(2702).jpg	362,600,421,679,2	365,600,379,615,0
image_from_china(2705).jpg	356,574,377,615,2	367,574,377,580,0	368,581,403,637,2	406,568,438,632,2	379,581,392,590,0	427,568,438,577,0	480,604,491,613,0	477,604,509,664,2
image_from_china(2720).jpg	357,507,410,680,2	430,531,501,701,2	442,531,469,550,0	385,507,410,526,0
image_from_china(2726).jpg	337,621,400,790,2	556,611,611,750,2	369,621,394,640,0	583,611,602,627,0
image_from_china(2741).jpg	638,453,756,654,2	331,526,392,602,2	347,526,363,539,0	678,453,712,483,0
image_from_china(2745).jpg	670,565,697,644,2
image_from_china(275).jpg	0,58,247,1215,2	0,56,119,208,0
image_from_china(2757).jpg	470,589,537,760,2	399,552,445,668,2	184,592,227,666,2	743,538,757,575,2	1079,541,1089,572,2	549,493,566,521,2	408,552,425,568,0	493,589,515,609,0
image_from_china(2772).jpg	145,526,171,593,2	150,526,161,533,0
image_from_china(279).jpg	471,306,503,418,2	993,394,1072,511,2	165,268,200,371,2	1030,394,1059,411,0
image_from_china(2807).jpg	57,530,138,692,2	333,554,406,659,2	95,529,118,546,0	376,554,394,570,0
image_from_china(2843).jpg	162,223,450,1191,2	200,223,314,299,0
image_from_china(2844).jpg	46,103,241,872,2	523,486,740,1118,2	694,343,820,804,2	784,331,911,822,2	70,102,169,202,0	598,485,697,547,0	718,342,784,393,0	783,330,857,387,0	25,619,147,1215,2
image_from_china(2846).jpg	141,566,436,1216,2	369,436,584,1176,2	168,566,299,684,0
image_from_china(2847).jpg	313,228,641,1176,2	378,296,476,402,0
image_from_china(2856).jpg	0,130,438,912,2	0,145,143,410,0
image_from_china(2858).jpg	640,642,681,778,2	731,653,760,732,2	783,651,811,733,2	814,651,842,733,2	623,652,644,770,2	628,652,643,669,0	648,642,664,659,0	824,651,836,660,0
image_from_china(2862).jpg	0,84,328,678,2	45,83,209,211,0	959,195,1216,754,2	1155,195,1216,351,0
image_from_china(2868).jpg	833,610,875,724,2	463,561,482,602,2	785,614,808,709,2	898,625,929,654,2	467,561,476,567,0	788,614,800,622,0	846,610,863,618,0	909,625,921,633,0
image_from_china(288).jpg	0,314,264,694,2	1114,373,1186,456,2	172,313,263,398,0
image_from_china(289).jpg	244,362,481,722,2	349,244,416,306,2	386,362,481,424,0
image_from_china(2994).jpg	453,353,518,615,2	870,342,910,629,2	473,353,512,376,0	812,361,852,396,0	870,342,911,370,0	812,361,903,653,2
image_from_china(301).jpg	114,85,200,333,2	553,52,612,233,2	682,51,727,205,2	181,180,267,296,2	686,38,723,91,2
image_from_china(3015).jpg	384,421,451,613,2	427,425,482,606,2	0,451,149,520,2
image_from_china(302).jpg	342,130,635,458,2	374,182,445,266,0	145,182,445,444,2	635,215,669,250,2	647,228,680,264,2	661,215,669,225,0
image_from_china(3040).jpg	112,819,305,1216,2	0,817,66,1215,2	141,820,238,889,0	0,817,52,870,0
image_from_china(305).jpg	666,0,760,221,2
image_from_china(3050).jpg	581,595,613,686,2	550,627,574,660,2	593,595,608,605,0	558,627,567,632,0
image_from_china(308).jpg	138,0,410,438,2
image_from_china(3084).jpg	466,1063,594,1216,2	751,1034,812,1169,2	513,1063,544,1100,0	765,1034,783,1053,0
image_from_china(3087).jpg	247,405,318,464,2	358,399,435,495,2
image_from_china(309).jpg	779,380,1110,725,2
image_from_china(3092).jpg	643,585,761,919,2	677,585,724,622,0
image_from_china(3128).jpg	314,406,438,716,2	697,391,912,911,2
image_from_china(313).jpg	475,0,911,253,2
image_from_china(314).jpg	649,0,963,414,2
image_from_china(3186).jpg	524,426,562,516,2
image_from_china(3187).jpg	30,360,198,509,2	173,362,379,515,2	427,330,605,506,2	603,329,830,517,2	892,322,1118,502,2
image_from_china(321).jpg	366,728,479,902,2	473,811,619,911,2	643,704,784,872,2	658,856,706,911,0	613,856,712,911,2
image_from_china(3222).jpg	0,555,163,1216,2
image_from_china(324).jpg	468,564,610,941,2	373,566,560,941,2	492,564,556,602,0	373,566,430,626,0	117,480,139,534,2	124,480,133,486,0	89,433,101,476,2	93,433,101,440,0
image_from_china(3267).jpg	0,207,363,1216,2	469,460,634,1216,2	691,369,912,1216,2
image_from_china(3268).jpg	0,321,386,1216,2	385,509,536,1216,2	556,429,818,1216,2	804,645,912,1216,2
image_from_china(3271).jpg	194,307,518,1059,2	590,153,912,1216,2
image_from_china(3272).jpg	184,393,356,912,2	412,357,607,854,2	654,350,749,743,2	812,372,940,776,2
image_from_china(3273).jpg	120,380,306,912,2	381,342,550,845,2	614,325,840,820,2	764,360,857,753,2
image_from_china(3274).jpg	714,319,911,912,2	378,375,542,809,2	141,416,294,880,2
image_from_china(3277).jpg	661,274,940,912,2	374,347,520,784,2	52,377,270,806,2	691,366,756,497,2
image_from_china(3278).jpg	0,39,409,912,2	374,432,586,912,2	673,437,796,912,2	497,447,637,912,2
image_from_china(328).jpg	372,223,439,390,2	376,243,399,258,0
image_from_china(3280).jpg	100,370,426,1216,2	514,422,779,1140,2	309,396,498,978,2	780,461,912,1216,2
image_from_china(3281).jpg	0,367,340,1216,2	438,668,600,1216,2	173,640,326,926,2
image_from_china(3282).jpg	0,0,292,1215,2	461,327,632,969,2	695,0,912,1216,2	157,302,383,1017,2	285,308,374,504,2
image_from_china(3285).jpg	483,363,795,1216,2	0,320,343,1216,2	94,332,310,822,2	323,293,528,1046,2
image_from_china(3286).jpg	404,230,697,1133,2	2,184,451,1216,2	200,149,426,805,2
image_from_china(3287).jpg	0,162,257,1005,2	265,132,503,919,2	508,139,912,1216,2	557,198,696,637,2
image_from_china(329).jpg	414,0,788,726,2
image_from_china(3290).jpg	489,758,912,1216,2	777,489,882,700,2	578,758,894,968,0	793,490,830,508,0
image_from_china(336).jpg	647,201,1216,911,2	1106,354,1216,512,0
image_from_china(3361).jpg	717,596,810,787,2
image_from_china(340).jpg	509,0,911,630,2	61,271,92,353,2
image_from_china(341).jpg	771,439,1086,888,2	0,642,348,911,2	288,37,469,499,2	81,70,273,516,2	0,250,168,678,2	903,334,989,429,0	839,439,945,525,0	0,133,67,271,2	790,333,1010,581,2
image_from_china(342).jpg	0,227,294,587,2	540,164,620,277,2	192,0,294,372,2	52,136,227,332,2	8,228,109,315,0	927,87,953,206,2
image_from_china(343).jpg	544,198,1014,911,2
image_from_china(3496).jpg	12,799,359,1216,2
image_from_china(3519).jpg	442,637,486,781,2	556,616,608,787,2	629,611,667,783,2
image_from_china(352).jpg	480,0,911,381,2
image_from_china(354).jpg	164,513,286,1017,2	721,466,911,1216,2
image_from_china(362).jpg	266,166,398,467,2	143,184,259,472,2	61,192,168,411,2	275,166,334,200,0	144,184,193,224,0	66,192,100,222,0	224,217,311,406,2
image_from_china(371).jpg	225,469,599,946,2	505,514,599,634,0
image_from_china(3733).jpg	476,670,578,1016,2	286,672,417,1078,2	322,672,370,706,0	488,669,535,699,0	884,691,912,983,2	886,691,912,725,0
image_from_china(3783).jpg	197,78,422,681,2	59,27,254,587,2	137,27,210,94,0
image_from_china(3851).jpg	634,737,805,1073,2
image_from_china(3906).jpg	68,605,164,807,2	235,610,288,727,2
image_from_china(3908).jpg	55,230,135,397,2	124,225,138,250,2	192,225,209,250,2	467,211,481,236,2	125,225,132,230,0	467,211,474,216,0	196,225,204,229,0
image_from_china(3948).jpg	655,590,719,701,2	644,569,680,703,2
image_from_china(3949).jpg	545,595,912,1216,2
image_from_china(4).jpg	337,253,382,403,2	338,254,358,276,0
image_from_china(4005).jpg	0,0,388,226,2	0,551,216,1017,2
image_from_china(4037).jpg	639,388,912,869,2
image_from_china(4046).jpg	0,163,272,717,2
image_from_china(4111).jpg	345,353,539,898,2	367,353,485,428,0
image_from_china(4114).jpg	378,521,459,847,2	445,508,521,759,2	518,409,569,541,2	418,521,459,552,0	475,508,510,534,0
image_from_china(4116).jpg	229,563,294,807,2	286,556,331,753,2	313,475,366,593,2	258,563,291,587,0	293,556,323,577,0
image_from_china(413).jpg	11,195,48,289,2
image_from_china(417).jpg	438,358,540,516,2	644,107,737,223,2	460,613,560,752,2	473,613,514,650,0	654,448,688,480,0	463,358,493,384,0	644,107,670,137,0	634,448,697,555,2
image_from_china(4184).jpg	0,192,110,835,2	0,191,16,212,0
image_from_china(4186).jpg	545,536,611,624,2	567,536,586,556,0
image_from_china(4190).jpg	720,350,776,588,2	320,403,350,449,2	457,404,475,444,2	407,394,436,436,2	347,408,373,445,2	247,359,268,414,2	251,359,263,367,0	333,403,348,414,0	358,408,372,419,0	468,404,475,409,0
image_from_china(4198).jpg	489,179,863,501,2	806,293,862,367,0
image_from_china(4203).jpg	607,942,845,1221,2	648,942,755,1024,0
image_from_china(4205).jpg	0,307,148,746,2	0,307,68,382,0
image_from_china(4210).jpg	455,399,666,914,2	487,399,559,467,0	455,354,513,391,0	391,393,434,455,0	391,393,614,598,2
image_from_china(4218).jpg	474,362,492,418,2	519,333,536,368,2	480,362,489,369,0	510,346,528,387,2
image_from_china(4221).jpg	537,389,551,422,2	590,389,605,422,2	541,389,548,396,0	593,389,599,395,0
image_from_china(4224).jpg	319,300,594,912,2	415,300,542,374,0
image_from_china(4232).jpg	733,305,772,410,2	926,338,983,472,2	868,366,925,463,2	1056,294,1089,362,2	906,366,925,391,0	928,338,947,358,0	736,305,753,316,0	1066,294,1076,301,0
image_from_china(4234).jpg	154,165,194,205,2	247,150,270,222,2	275,161,311,238,2	325,162,351,241,2	350,205,364,242,2	353,205,359,210,0	333,162,342,168,0
image_from_china(4238).jpg	523,341,561,461,2	358,511,496,658,2	458,511,496,563,0	523,341,550,356,0	862,425,912,537,2	892,448,912,483,0
image_from_china(4252).jpg	764,66,809,187,2	774,65,791,80,0
image_from_china(4259).jpg	700,307,790,525,2	1043,381,1070,441,2	598,319,683,466,2	732,307,764,331,0	617,319,641,334,0	1053,382,1067,390,0	688,317,710,347,2	766,321,781,355,2	767,320,780,330,0
image_from_china(426).jpg	287,620,335,758,2	47,532,125,650,2	751,436,792,524,2	734,286,772,382,2	672,284,698,368,2	644,437,673,535,2	583,481,638,539,2	205,630,283,786,2	295,621,319,647,0	219,630,251,652,0	775,436,791,453,0	648,437,664,449,0	48,533,67,556,0	565,452,619,517,2	583,486,595,504,0	574,486,588,504,0	746,286,759,299,0	674,284,687,299,0
image_from_china(428).jpg	810,455,851,629,2	835,464,868,626,2	795,467,823,628,2	835,463,855,480,0	805,467,825,482,0
image_from_china(4285).jpg	861,403,892,524,2	344,384,385,511,2	406,397,455,505,2	861,403,881,416,0	433,397,450,408,0	362,384,382,395,0
image_from_china(4297).jpg	242,363,319,581,2	559,333,611,386,2	255,364,293,388,0	596,339,610,357,0
image_from_china(4303).jpg	106,0,173,146,2
image_from_china(4307).jpg	598,316,723,649,2	152,409,231,614,2	211,379,280,595,2	615,317,661,349,0	219,379,258,416,0	170,409,217,442,0
image_from_china(431).jpg	451,455,530,575,2	856,76,885,138,2	525,428,599,530,2	547,428,574,457,0	506,455,529,483,0	747,81,760,106,2	747,81,756,87,0
image_from_china(4312).jpg	270,370,329,551,2	374,352,454,537,2	390,352,414,368,0	554,424,569,468,2	270,370,320,394,0	556,424,568,429,0
image_from_china(4314).jpg	429,207,1125,912,2	710,206,996,456,0
image_from_china(4319).jpg	416,607,545,911,2	453,607,501,643,0
image_from_china(432).jpg	588,485,668,664,2	63,196,93,264,2	97,204,123,272,2	68,197,82,206,0	111,204,123,216,0	382,258,402,298,2	423,264,442,307,2	384,258,397,267,0
image_from_china(4321).jpg	241,189,559,648,2	366,188,476,305,0
image_from_china(4328).jpg	169,487,222,640,2	484,563,571,789,2	498,563,532,588,0	195,487,222,512,0	324,453,396,538,2
image_from_china(433).jpg	129,183,194,302,2	338,33,378,162,2	467,86,503,202,2	130,183,160,206,0	468,86,488,106,0	470,0,516,56,2
image_from_china(4334).jpg	265,291,301,396,2	978,367,1193,909,2	1029,368,1113,426,0	272,291,288,302,0	1004,361,1039,477,2	1008,361,1032,382,0
image_from_china(4337).jpg	227,358,297,568,2	321,377,385,566,2	246,358,275,378,0	338,377,364,396,0	335,350,362,367,0	323,350,362,421,2
image_from_china(434).jpg	321,387,353,497,2	358,378,399,496,2	437,312,470,416,2	333,387,351,403,0	447,312,462,329,0	125,60,144,107,2	542,63,556,110,2	130,60,139,67,0	546,65,552,68,0	306,14,325,57,2	335,12,349,55,2	307,14,313,22,0	338,12,344,16,0
image_from_china(4342).jpg	705,340,724,413,2	770,339,796,431,2	786,336,813,431,2	616,341,639,414,2	684,333,708,428,2	651,346,681,434,2	719,335,747,431,2	619,341,630,350,0	719,335,731,347,0
image_from_china(4351).jpg	438,504,519,646,2	1099,358,1145,420,2	675,403,733,504,2	602,397,638,474,2	571,410,592,490,2	820,397,860,496,2	860,396,905,454,2	468,504,495,522,0	862,396,875,410,0	843,396,861,414,0	698,403,715,415,0	597,380,612,447,2	577,410,591,420,0	619,397,633,410,0	603,380,611,388,0	659,403,691,494,2	667,403,682,412,0	1109,359,1126,371,0	805,390,846,452,2	833,391,846,404,0	872,354,886,366,0	887,349,897,358,0	897,349,907,358,0	878,336,887,345,0	882,349,899,419,2	899,349,912,417,2	869,354,886,405,2	867,336,892,370,2	140,272,155,317,2
image_from_china(4354).jpg	851,400,877,490,2	5,462,53,537,2	17,462,32,469,0	852,400,868,415,0
image_from_china(436).jpg	516,398,664,528,2	585,403,647,460,0	202,517,253,566,0
image_from_china(4363).jpg	1001,530,1126,878,2
image_from_china(4368).jpg	0,554,65,1109,2	144,565,262,934,2	515,587,627,900,2	807,591,912,850,2	561,587,609,628,0	855,591,900,618,0	160,565,211,603,0	0,555,33,602,0	621,594,642,608,0	617,594,666,742,2
image_from_china(4373).jpg	460,586,881,1117,2
image_from_china(4374).jpg	720,474,1004,912,2	0,346,187,780,2	861,474,968,534,0	0,346,188,523,0
image_from_china(4377).jpg	658,426,690,511,2	676,426,689,435,0
image_from_china(4384).jpg	614,400,743,737,2	650,400,697,437,0	0,447,88,870,2
image_from_china(4387).jpg	135,233,355,912,2	67,245,179,767,2	432,248,526,635,2	386,263,473,588,2	516,286,632,567,2	625,332,719,592,2	732,322,809,626,2	803,318,988,866,2	972,286,1156,793,2	955,296,1062,729,2	170,263,292,351,0	100,260,177,346,0	465,251,531,297,0	785,323,847,534,2	625,283,686,439,2
image_from_china(4398).jpg	678,0,912,964,2
image_from_china(4402).jpg	423,678,540,957,2	472,690,513,725,0	492,619,527,640,0	432,705,541,832,1	481,619,538,683,2	481,650,538,683,1	175,647,252,866,2	216,647,254,670,0	174,685,207,760,1
image_from_china(4404).jpg	389,783,478,984,2	221,887,278,992,2	398,783,432,805,0	237,887,256,902,0	409,818,455,877,1	222,915,263,972,1
image_from_china(4411).jpg	1020,373,1221,912,2	628,517,667,599,2	1090,374,1164,418,0	628,517,642,527,0
image_from_china(4412).jpg	241,258,382,670,2	729,355,887,511,2	321,275,454,649,2	279,257,332,296,0	382,292,429,324,0	844,355,876,392,0
image_from_china(4427).jpg	451,489,547,700,2	480,489,514,509,0	906,549,914,556,0	902,548,929,605,2
image_from_china(444).jpg	130,722,184,839,2	649,646,692,730,2	450,435,464,480,2	882,634,911,736,2	472,415,491,466,2	99,403,114,442,2	279,354,292,391,2	231,369,246,403,2	419,311,427,334,2	474,415,482,420,0
image_from_china(4453).jpg	968,4,1085,313,2
image_from_china(4458).jpg	1008,317,1063,384,2	1121,267,1151,312,2	1122,267,1145,282,0	1024,317,1046,333,0
image_from_china(4461).jpg	77,166,175,421,2	97,166,134,197,0	674,102,700,129,2	679,102,689,109,0
image_from_china(4466).jpg	219,887,279,993,2	389,784,478,985,2	237,887,257,902,0	398,784,432,804,0	220,911,274,982,1	409,811,456,893,1
image_from_china(4469).jpg	451,910,500,1035,2	570,912,607,1014,2	716,862,743,944,2	877,911,912,1135,2	819,929,893,1174,2	472,911,489,924,0	584,912,601,926,0	724,863,738,874,0	877,911,909,936,0	459,927,499,979,1	574,927,607,971,1	718,876,742,910,1
image_from_china(4479).jpg	250,782,277,866,2	482,784,505,860,2	493,784,505,794,0	258,786,269,795,0
image_from_china(4482).jpg	0,245,223,670,2	0,246,49,301,0
image_from_china(4483).jpg	0,485,353,1221,2	127,240,337,641,2	170,240,234,286,0
image_from_china(4485).jpg	483,785,505,862,2	252,787,275,862,2
image_from_china(4487).jpg	517,281,565,431,2	478,446,643,631,2	668,311,787,571,2	795,301,883,533,2	892,333,1002,548,2	30,188,83,242,0	0,279,49,379,2	603,382,649,445,2	5,279,21,289,0	534,281,554,295,0	621,382,642,396,0	591,447,643,489,0	749,311,788,353,0	849,301,882,337,0	905,334,936,358,0
image_from_china(4488).jpg	219,349,242,399,2
image_from_china(4491).jpg	1,595,218,1221,2	178,973,490,1221,2	105,593,201,675,0	232,973,331,1052,0
image_from_china(4492).jpg	689,777,912,1221,2	128,830,325,1221,2	689,778,854,898,0	128,831,243,912,0
image_from_china(4494).jpg	0,619,135,1221,2	0,619,98,690,0
image_from_china(4497).jpg	786,245,810,371,2	788,245,805,259,0
image_from_china(4498).jpg	254,294,305,379,2	637,200,667,276,2	1187,249,1221,366,2	1016,266,1041,340,2	322,280,359,382,2	1009,203,1052,251,0	256,295,269,308,0	325,281,341,295,0	648,200,664,212,0	1022,266,1036,276,0	1201,249,1219,260,0	736,280,762,344,2	677,276,707,345,2	812,160,858,213,2	1041,268,1055,305,2	1043,267,1054,275,0	498,283,517,335,2	677,276,687,285,0	834,160,845,167,0
image_from_china(4500).jpg	59,308,215,853,2	273,323,408,816,2	460,350,643,871,2	819,356,1001,912,2	675,350,751,605,2	598,361,678,636,2	1009,373,1118,764,2	732,355,822,660,2	408,307,512,687,2	101,308,192,360,0	338,324,407,398,0	460,308,512,347,0	505,350,582,401,0	862,355,956,423,0	281,316,337,656,2	562,362,624,509,2	802,350,862,488,2	398,325,438,584,2	1008,343,1058,564,2	936,366,1001,533,2	1079,331,1170,581,2
image_from_china(461).jpg	175,462,267,678,2	398,490,517,743,2
image_from_china(462).jpg	282,441,382,710,2	248,442,299,630,2
image_from_china(464).jpg	677,255,701,345,2	156,466,228,597,2	634,182,656,241,2	661,253,681,329,2	678,255,691,268,0	664,252,676,259,0	638,182,647,188,0
image_from_china(476).jpg	191,197,262,364,2	166,434,247,590,2	455,421,548,570,2	686,499,864,623,2	494,342,570,441,2	486,421,524,465,0	826,509,864,547,0	530,342,570,372,0	167,434,204,476,0	198,197,234,232,0
image_from_china(477).jpg	163,266,256,429,2	351,411,421,573,2	498,534,576,689,2	707,525,789,665,2	707,536,737,568,0	537,534,571,572,0	356,446,390,486,0	181,266,211,298,0	853,581,911,696,2
image_from_china(484).jpg	543,614,614,736,2	579,614,610,638,0	531,63,567,170,2	546,63,566,77,0
image_from_china(485).jpg	575,670,664,769,2	642,670,664,696,0	560,100,594,202,2	574,100,594,113,0
image_from_china(505).jpg	129,559,165,664,2	394,539,447,636,2	468,541,515,627,2	435,537,470,618,2	496,531,522,588,2	149,560,165,574,0	411,539,431,551,0	496,531,515,545,0	481,541,499,551,0	357,313,387,356,2	358,312,374,326,0
image_from_china(519).jpg	409,0,903,627,2	1094,358,1216,714,2
image_from_china(521).jpg	861,511,1048,805,2	1007,573,1099,801,2	1033,573,1068,600,0	921,528,961,556,0
image_from_china(522).jpg	450,0,1216,911,2
image_from_china(524).jpg	0,94,623,1216,2	0,95,277,412,0
image_from_china(528).jpg	253,0,637,433,2
image_from_china(533).jpg	0,0,446,696,2	0,1065,288,1216,2
image_from_china(536).jpg	411,0,537,298,2	612,272,643,295,2	705,271,731,308,2	735,270,756,315,2	763,273,791,322,2	763,131,769,135,0	833,164,851,190,2	742,140,759,166,2	762,131,776,159,2	633,272,643,281,0	725,271,731,278,0	745,270,754,276,0	777,273,787,280,0	815,318,851,358,2	833,318,842,326,0	844,164,850,170,0
image_from_china(551).jpg	462,0,631,425,2	0,294,240,695,2	732,0,911,452,2
image_from_china(554).jpg	40,700,86,794,2	69,610,105,682,2	0,718,48,816,2	33,718,48,736,0	61,700,76,710,0	74,609,85,616,0	309,363,329,411,2
image_from_china(557).jpg	513,0,911,1098,2	0,0,330,334,2
image_from_china(560).jpg	382,290,614,600,2
image_from_china(561).jpg	209,198,774,909,2	679,443,942,676,2	0,78,125,628,2
image_from_china(563).jpg	354,323,535,689,2	0,0,430,910,2	436,324,535,395,0	84,0,291,718,2	404,339,911,910,2	725,515,949,715,2	1096,633,1216,911,2	619,78,632,125,2	623,78,630,84,0	946,78,955,102,2	960,78,970,105,2	972,78,979,107,2	1048,78,1058,108,2	1053,78,1058,83,0	960,78,965,83,0	975,78,979,82,0
image_from_china(564).jpg	399,0,1216,675,2
image_from_china(565).jpg	232,0,413,405,2
image_from_china(575).jpg	0,494,272,1216,2
image_from_china(576).jpg	36,85,179,423,2	227,470,911,1216,2	446,555,489,608,0	415,551,566,700,2
image_from_china(577).jpg	0,70,680,1216,2	0,90,204,573,0	276,447,391,690,2	650,807,690,838,0	630,807,756,969,2
image_from_china(579).jpg	0,81,291,709,2	790,280,910,548,2	1054,697,1201,851,2	28,82,134,148,0	1076,700,1112,746,0	452,92,481,151,2	454,92,471,102,0
image_from_china(586).jpg	181,22,278,299,2	203,22,249,60,0	6,120,36,147,0	0,120,36,280,2	14,0,127,313,2	77,168,133,281,2
image_from_china(587).jpg	77,37,159,293,2	90,37,126,67,0	0,0,91,320,2	45,173,95,285,2	450,291,461,308,2	232,213,245,243,2	195,207,208,248,2	200,207,207,213,0	455,291,459,295,0
image_from_china(59).jpg	386,241,568,840,2	625,282,790,748,2	752,279,874,793,2	813,225,999,891,2	335,263,463,701,2
image_from_china(591).jpg	612,226,697,421,2	344,238,388,395,2	529,249,567,379,2	652,226,680,246,0	529,249,552,264,0	363,238,387,258,0	492,245,513,296,2	502,245,509,254,0	721,237,731,252,2	724,237,731,242,0
image_from_china(613).jpg	0,206,851,1216,2
image_from_china(619).jpg	7,491,217,674,2	261,387,456,618,2	261,387,302,436,0	8,497,53,535,0
image_from_china(620).jpg	256,0,342,166,2	714,798,911,1019,2	859,798,906,838,0	176,0,263,123,2	628,821,686,867,0
image_from_china(626).jpg	0,0,569,911,2	186,0,687,463,2	870,0,1216,633,2
image_from_china(628).jpg	163,304,227,443,2	251,258,297,417,2	163,304,185,331,0	263,258,283,273,0
image_from_china(629).jpg	779,188,839,365,2	412,297,557,511,2	376,441,475,542,2	376,441,401,471,0	478,297,507,319,0	806,188,834,211,0	506,275,523,302,0
image_from_china(631).jpg	176,351,217,453,2	431,272,488,365,2	665,279,702,363,2	430,471,493,537,2	618,492,678,558,2	868,501,917,553,2	965,361,1006,460,2	1144,273,1201,388,2	901,132,935,224,2	813,117,844,219,2	774,122,804,217,2	1071,214,1109,316,2	1058,191,1094,294,2	464,484,480,501,0	284,462,302,478,0	439,272,455,284,0	681,279,696,293,0	899,501,917,517,0	983,361,1001,379,0	1175,272,1198,287,0	1079,214,1097,232,0	1073,191,1091,206,0	915,132,929,144,0	825,118,836,126,0	786,122,798,133,0	621,507,637,522,0	1064,175,1077,187,0	1036,171,1083,278,2	270,463,321,557,2	776,112,790,124,0	764,112,790,206,2	909,35,927,73,2	917,35,927,45,0
image_from_china(654).jpg	14,412,74,583,2	213,485,268,659,2	234,430,279,525,2	762,112,785,174,2	733,109,758,172,2	213,485,246,504,0	234,430,261,446,0	32,412,61,434,0	11,675,39,707,0	58,244,89,297,2	71,249,85,261,0	746,109,756,117,0	768,112,778,119,0	0,675,40,843,2	240,71,260,119,2	280,38,298,79,2	220,9,229,41,2	177,52,198,76,2	0,97,13,147,2	46,102,65,158,2	39,91,58,117,2	127,27,139,69,2	144,6,159,38,2	182,25,195,47,2	46,102,55,108,0	45,91,54,97,0	241,71,252,77,0	184,25,188,28,0	128,27,134,32,0	282,38,289,43,0	220,9,224,13,0	148,6,153,10,0
image_from_china(662).jpg	812,605,912,735,2	889,611,910,640,0	720,0,741,38,2	784,18,806,36,2	882,1,902,33,2	979,107,1002,125,2	1118,173,1144,189,2	1138,172,1143,180,0	800,18,806,27,0	895,0,901,7,0	997,106,1001,113,0
image_from_china(663).jpg	213,0,436,432,2
image_from_china(665).jpg	854,584,887,664,2	865,584,879,598,0	132,639,180,697,2	132,639,144,652,0	419,572,446,621,2	372,483,398,521,2	514,653,534,672,2	621,586,644,639,2	573,614,597,667,2	582,611,598,638,2	517,653,527,660,0	577,614,585,620,0	584,611,592,620,0	622,587,633,594,0	419,572,427,579,0	372,483,378,488,0	729,299,744,337,2	744,252,755,289,2	758,242,775,268,2	895,246,913,285,2	936,227,950,266,2	924,205,939,242,2	738,54,741,58,0	729,299,736,305,0	745,252,752,257,0	771,242,775,247,0	1023,173,1036,206,2	900,246,907,251,0	938,227,944,231,0	1029,173,1035,179,0	927,205,932,209,0	691,64,695,67,0	722,81,732,96,2	691,64,705,87,2	641,57,653,81,2	738,54,746,73,2	782,103,790,126,2	799,109,817,128,2	957,72,969,97,2	951,70,960,93,2	1106,328,1114,335,0	799,111,804,117,0	1105,326,1134,355,2	311,102,323,125,2	332,104,342,121,2	364,82,375,102,2	382,85,393,104,2	387,75,399,100,2	177,59,190,82,2	36,123,46,137,2	311,102,317,106,0	339,108,342,112,0	364,82,369,85,0	382,85,386,89,0	388,75,392,79,0
image_from_china(670).jpg	104,668,230,812,2	515,311,540,342,2	565,321,587,342,2	589,357,619,406,2	639,405,669,427,2	749,459,774,505,2	246,709,320,854,2	193,669,216,702,0	277,710,309,734,0	47,112,104,164,2	49,22,83,81,2	69,21,83,35,0	80,114,94,128,0	763,460,773,468,0	662,408,668,416,0	607,357,617,364,0	579,322,586,330,0	532,312,540,319,0	261,136,275,161,2	273,127,285,162,2	266,136,275,147,0	274,127,284,135,0	884,898,911,940,2	845,822,911,902,2
image_from_china(671).jpg	250,712,340,831,2	108,833,176,1020,2	290,905,397,1011,2	267,397,319,533,2	133,832,176,870,0	305,905,342,939,0	287,397,307,416,0	338,189,350,200,0	255,713,281,737,0	311,190,353,258,2	304,169,314,181,0	232,227,240,235,0	231,227,259,282,2	278,168,314,215,2
image_from_china(672).jpg	417,1011,521,1149,2	488,243,546,339,2	528,157,565,264,2	418,1011,455,1049,0	501,243,517,261,0	529,157,542,170,0	518,56,530,69,0	515,56,547,137,2	323,20,350,79,2	350,59,378,128,2	359,50,380,76,2	324,20,333,28,0	371,50,380,58,0	354,60,363,67,0	103,0,120,31,2	2,95,31,156,2	0,154,27,216,2	0,132,36,200,2	49,16,74,53,2	43,6,53,26,2	4,95,14,102,0	0,133,6,145,0	49,16,55,22,0	44,6,49,10,0
image_from_china(677).jpg	954,343,1216,794,2	1118,343,1216,411,0
image_from_china(689).jpg	459,472,531,610,2	258,469,332,627,2	298,402,352,531,2	232,340,302,469,2	187,280,226,377,2	557,317,591,420,2	761,329,805,431,2	658,245,684,308,2	626,236,652,320,2	478,472,501,496,0	273,469,297,487,0	311,402,332,422,0	261,340,280,354,0	191,280,205,290,0	781,329,798,340,0	566,317,583,331,0	662,245,675,255,0	636,236,647,246,0	585,143,602,193,2	587,143,595,149,0	621,143,638,193,2	625,143,636,151,0	107,108,124,159,2	218,89,231,119,2	109,56,121,87,2	102,60,113,86,2	108,108,116,115,0	219,89,225,95,0	102,60,107,65,0	110,56,116,61,0
image_from_china(693).jpg	147,167,219,316,2	36,421,121,538,2	536,206,608,275,2	651,237,713,374,2	319,43,370,141,2	986,109,1043,239,2	384,39,421,143,2	1055,101,1109,194,2	58,421,88,442,0	157,168,182,193,0	594,206,608,228,0	687,237,713,260,0	385,39,400,59,0	337,43,355,64,0	1018,109,1043,123,0	1086,101,1108,118,0	981,107,1001,123,0
image_from_china(710).jpg	836,300,948,613,2	644,314,737,531,2	866,300,912,333,0	939,313,986,555,2
image_from_china(713).jpg	124,316,197,447,2	352,294,425,387,2	484,352,569,474,2	53,306,112,423,2	609,386,664,490,2	563,365,619,476,2	839,418,890,505,2	170,318,195,345,0	538,352,559,368,0	598,365,619,382,0	644,386,664,402,0	408,294,425,310,0	73,307,97,325,0	767,352,822,429,2	809,352,822,366,0	877,418,888,428,0	92,82,137,185,2	120,82,134,94,0
image_from_china(715).jpg	274,11,390,205,2	320,11,346,26,0
image_from_china(720).jpg	621,0,911,870,2	211,57,271,191,2	226,57,258,84,0	601,6,645,155,2	632,6,646,29,0
image_from_china(736).jpg	377,286,403,364,2	757,242,782,307,2	816,224,842,274,2	844,234,866,287,2	379,242,409,298,2	772,242,781,249,0	388,242,399,250,0	828,224,836,231,0	857,235,866,242,0	386,287,396,296,0	524,94,537,138,2	526,94,532,100,0
image_from_china(744).jpg	130,161,353,861,2	291,75,543,911,2	490,164,739,781,2	365,76,501,175,0	257,162,354,266,0
image_from_china(747).jpg	396,188,592,644,2
image_from_china(754).jpg	163,367,249,592,2	401,385,469,582,2	663,396,712,450,2	778,586,892,668,2	25,395,121,605,2	852,586,892,620,0	680,396,703,412,0	452,349,483,373,0	402,385,440,413,0	191,366,222,393,0	28,395,63,428,0	250,477,283,510,0	440,349,501,426,2	244,275,255,288,0	0,283,10,296,0	222,477,296,576,2	242,276,265,328,2	0,283,11,329,2
image_from_china(755).jpg	117,222,211,427,2	455,123,486,209,2	583,287,684,384,2	805,166,837,248,2	133,222,176,252,0	658,287,684,313,0	619,258,646,281,0	568,258,645,353,2	823,166,836,177,0	471,123,487,136,0	18,138,73,174,2	18,138,25,154,0	837,183,860,216,2	851,183,860,194,0	722,95,740,137,2	707,93,722,129,2	729,94,736,101,0	716,93,722,99,0	432,55,440,68,2	435,55,440,59,0	127,157,134,162,0	136,81,148,98,2	109,82,119,102,2	140,82,146,86,0
image_from_china(767).jpg	520,267,539,339,2	849,375,880,484,2	880,218,908,287,2	642,262,667,340,2	1144,292,1182,374,2	204,204,223,276,2	209,204,223,214,0	527,267,539,278,0	652,262,666,275,0	883,218,896,227,0	861,375,879,388,0	1159,292,1175,304,0
image_from_china(771).jpg	705,704,749,843,2	836,678,885,808,2	715,704,740,721,0	841,678,864,696,0	281,481,296,529,2	439,496,458,519,2	284,481,291,486,0
image_from_china(778).jpg	776,414,870,576,2	870,403,913,565,2	1052,597,1146,768,2	1130,577,1193,741,2	1163,577,1192,601,0	1091,597,1118,621,0	845,430,870,452,0	879,403,907,418,0	1180,547,1210,613,2	1192,547,1210,563,0
image_from_china(779).jpg	737,347,836,508,2	835,353,884,518,2	1035,545,1129,714,2	1101,534,1209,690,2	1096,546,1122,573,0	854,353,880,370,0	810,351,836,374,0	1180,533,1209,560,0	1133,499,1182,585,2	1162,499,1182,517,0
image_from_china(792).jpg	15,391,111,693,2	268,370,383,620,2	905,318,980,513,2	1028,360,1101,455,2	269,370,306,409,0	51,391,99,423,0	125,407,150,443,0	1050,360,1076,378,0	950,318,980,340,0	687,338,704,358,0	74,407,150,587,2	441,321,457,330,0	1027,240,1040,249,0	1016,240,1047,321,2	642,338,714,416,2	425,321,462,370,2	463,251,484,306,2	463,282,472,292,0
image_from_china(793).jpg	572,394,662,548,2	0,294,45,442,2	611,219,638,300,2	393,264,425,338,2	1150,258,1202,399,2	610,318,678,434,2	759,292,831,415,2	802,269,858,325,2	880,220,908,296,2	935,228,965,313,2	653,318,678,350,0	1180,258,1202,274,0	840,269,855,289,0	759,292,775,313,0	585,394,615,418,0	0,294,19,307,0	616,219,629,229,0	895,220,908,229,0	942,228,955,238,0
image_from_china(794).jpg	501,287,555,364,2	728,251,762,307,2	816,258,848,292,2	898,230,926,286,2	846,345,941,506,2	963,251,1008,339,2	1124,257,1170,345,2	514,287,531,303,0	873,298,932,355,2	912,345,941,378,0	875,299,902,325,0	751,251,762,261,0	816,259,826,273,0	904,230,916,238,0	1023,246,1058,291,2	995,251,1008,264,0	1037,246,1048,255,0	1124,257,1139,276,0
image_from_china(795).jpg	176,217,214,315,2	38,214,76,268,2	285,269,339,387,2	355,304,430,452,2	346,212,377,308,2	505,214,532,247,2	608,210,652,332,2	680,215,711,281,2	714,209,746,315,2	822,212,858,286,2	875,179,899,232,2	933,179,956,231,2	956,177,983,233,2	285,269,307,296,0	346,212,363,225,0	621,210,641,224,0	719,209,737,225,0	0,238,17,294,2	193,217,207,230,0	55,214,66,226,0	403,305,430,331,0	375,189,395,250,2	380,189,389,196,0	515,214,524,223,0	922,208,946,248,2	887,179,896,186,0	927,208,940,216,0	942,179,952,185,0	968,177,976,183,0
image_from_china(802).jpg	0,0,355,394,2
image_from_china(809).jpg	513,92,553,168,2	539,92,553,111,0	808,307,828,375,2	858,312,878,380,2	964,313,984,383,2	968,303,987,328,2	913,276,932,289,2	667,246,681,289,2	675,246,681,251,0	1023,311,1042,388,2	1042,304,1062,378,2	817,307,827,316,0	866,312,876,321,0	914,276,922,281,0	971,303,980,312,0	973,313,984,321,0	1030,311,1042,321,0	1048,305,1060,312,0	764,120,777,157,2	1031,139,1047,160,2	765,121,773,126,0	1037,139,1043,143,0	203,245,219,273,2	250,271,268,293,2	285,258,302,298,2	207,245,215,253,0	254,271,262,277,0	286,258,291,263,0
image_from_china(810).jpg	950,158,990,281,2	888,155,914,232,2	860,169,881,219,2	1042,152,1077,237,2	1083,185,1105,216,2	1178,159,1200,201,2	1017,152,1038,204,2	964,158,985,176,0	894,155,908,166,0	866,169,874,177,0	1056,152,1070,163,0	1089,185,1099,195,0	1022,152,1033,160,0	1188,159,1200,167,0	1198,185,1207,191,0	1176,185,1210,211,2
image_from_china(811).jpg	529,123,558,197,2	198,129,259,275,2	390,129,417,179,2	222,129,242,147,0	398,129,407,134,0	541,123,551,129,0	16,138,38,194,2	17,138,29,144,0
image_from_china(833).jpg	810,280,876,369,2	845,280,876,299,0	904,253,937,277,0	952,294,965,303,0	870,253,957,369,2	951,294,977,367,2	1003,263,1010,268,0	1001,263,1014,310,2	965,260,979,307,2	967,260,974,266,0
image_from_china(835).jpg	804,97,895,334,2	237,85,299,290,2	82,187,119,252,2	397,218,439,278,2	182,205,218,257,2	260,85,292,108,0	848,97,880,119,0	407,218,423,231,0	223,119,259,269,2	96,187,110,196,0	201,205,217,216,0
image_from_china(840).jpg	20,95,132,461,2	835,170,893,339,2	956,195,1013,350,2	1131,190,1181,336,2	43,96,102,136,0	868,170,892,187,0	981,195,1007,214,0	1146,190,1173,208,0	1008,157,1026,169,0	1001,157,1026,278,2	272,60,288,118,2	367,72,386,129,2	493,74,514,130,2	273,60,284,69,0	374,72,385,82,0	499,74,508,82,0
image_from_china(841).jpg	648,200,694,269,2	605,122,626,178,2	588,124,606,184,2	420,164,464,268,2	387,136,408,228,2	402,134,420,222,2	266,143,300,230,2	296,129,315,185,2	227,121,248,168,2	62,125,83,180,2	122,122,143,178,2	141,119,157,173,2	66,125,74,132,0	126,122,134,129,0	145,119,153,124,0	273,143,287,153,0	296,130,308,137,0	265,119,281,166,2	267,119,276,124,0	388,136,402,144,0	402,134,414,142,0	437,164,455,178,0	734,149,749,170,2	661,200,684,214,0	592,124,601,132,0	610,122,619,128,0	739,149,746,156,0
image_from_china(842).jpg	323,177,486,470,2	661,0,788,181,2	1158,109,1195,203,2	973,83,994,152,2	323,177,365,219,0	981,84,992,92,0	1178,113,1195,124,0
image_from_china(844).jpg	123,0,278,369,2	304,0,416,277,2
image_from_china(845).jpg	505,387,545,470,2	881,410,906,440,2	260,381,315,539,2	309,387,349,481,2	179,382,234,538,2	106,364,173,537,2	35,373,72,516,2	0,389,21,473,2	90,385,106,465,2	3,389,21,403,0	43,374,68,391,0	91,385,106,395,0	126,364,151,382,0	266,381,292,398,0	328,387,342,396,0	523,387,536,395,0	885,410,895,419,0
image_from_china(846).jpg	78,403,116,496,2	110,394,146,502,2	151,399,191,504,2	242,405,274,500,2	354,393,382,456,2	408,391,431,460,2	87,404,106,420,0	111,395,130,410,0	165,401,183,417,0	200,397,219,413,0	250,406,268,421,0	364,395,375,404,0	414,394,428,404,0	194,396,236,504,2
image_from_china(848).jpg	245,372,327,550,2	275,373,305,390,0
image_from_china(849).jpg	448,229,463,273,2	450,229,457,233,0	854,226,866,270,2	631,219,644,247,2	636,219,641,223,0	855,226,862,232,0	754,222,766,242,2	807,224,819,245,2	755,222,760,226,0	807,224,813,228,0
image_from_china(854).jpg	601,412,766,908,2	655,412,727,468,0
image_from_china(857).jpg	171,0,252,136,2
image_from_china(858).jpg	986,20,1131,213,2	1112,26,1130,50,0
image_from_china(862).jpg	530,0,911,1003,2	29,0,265,754,2	151,0,296,667,2	85,0,204,80,0	172,0,251,83,0	719,0,883,53,0	857,0,911,169,2
image_from_china(863).jpg	625,346,759,502,2	688,346,731,397,0	572,113,585,165,2	589,114,607,164,2	608,111,622,163,2	630,118,648,163,2	651,114,671,160,2	681,115,692,158,2	704,114,720,162,2	574,113,582,119,0	594,114,600,119,0	612,111,619,116,0	636,118,645,123,0	651,114,658,119,0	681,115,689,121,0	707,114,715,119,0
image_from_china(864).jpg	341,344,456,537,2	341,345,372,387,0
image_from_china(866).jpg	351,26,911,1216,2	574,24,911,350,0
image_from_china(868).jpg	0,0,600,677,2	707,0,911,587,2	456,0,602,198,0
image_from_china(869).jpg	0,0,371,715,2	849,0,911,602,2
image_from_china(870).jpg	0,0,433,1040,2
image_from_china(872).jpg	0,0,637,769,2	576,161,911,368,2
image_from_china(884).jpg	693,823,806,948,2	732,823,761,845,0
image_from_china(885).jpg	454,732,571,1025,2	389,734,462,1018,2	495,732,537,756,0	408,734,441,756,0
image_from_china(892).jpg	0,528,23,629,2	0,528,13,539,0
image_from_china(893).jpg	708,491,744,572,2	722,491,734,501,0
image_from_china(898).jpg	52,467,98,549,2
image_from_china(899).jpg	0,0,358,695,2	207,0,305,76,0	824,144,911,520,2
image_from_china(9).jpg	427,253,470,352,2	767,246,805,337,2	724,242,756,286,2	694,277,767,341,2	700,240,724,277,2	439,253,454,263,0	705,240,715,246,0	732,242,744,252,0	767,245,782,262,0	757,292,767,306,0
image_from_china(900).jpg	890,117,1164,573,2	984,116,1058,166,0
image_from_china(901).jpg	149,183,220,300,2
image_from_china(912).jpg	351,203,679,1216,2	706,284,911,1123,2	352,204,538,375,0	808,284,911,389,0
image_from_china(918).jpg	425,790,532,965,2	509,746,584,852,2	405,728,487,838,2	431,740,459,758,0	450,790,486,823,0	513,746,571,796,0
image_from_china(931).jpg	937,729,997,911,2	952,559,993,690,2	965,559,984,571,0	960,537,976,549,0	957,728,996,754,0	950,537,988,613,2	986,536,1016,654,2	991,536,1011,547,0	975,503,997,548,2
image_from_china(935).jpg	210,38,258,145,2	775,180,849,306,2	369,26,446,263,2	422,33,476,190,2	160,7,212,149,2	388,26,421,56,0	427,33,452,53,0	162,7,181,22,0	218,38,241,53,0	800,180,828,208,0	712,137,743,197,2	815,145,847,196,2	731,138,743,152,0	825,145,843,160,0
image_from_china(943).jpg	174,0,777,491,2	198,0,670,135,0
image_from_china(945).jpg	446,340,758,831,2	482,340,565,437,0	710,66,787,170,2	604,14,675,94,2	643,15,671,28,0	757,71,783,95,0
image_from_china(946).jpg	0,0,417,646,2	0,0,382,304,0
image_from_china(960).jpg	1074,0,1216,503,2	448,256,465,309,2	558,264,583,285,2	659,69,685,101,2	558,270,566,281,0	659,69,667,77,0	451,256,460,264,0
image_from_china(969).jpg	804,171,849,268,2	929,228,977,275,2	1140,317,1205,368,2	1139,317,1165,345,0	957,227,968,240,0	831,170,848,181,0	585,206,623,259,2	334,218,350,244,2	350,218,371,245,2	370,221,388,246,2	436,225,450,248,2	451,218,470,245,2	592,206,609,217,0	371,221,383,232,0	441,225,450,233,0	451,218,462,225,0	335,218,347,225,0
image_from_china(976).jpg	0,0,624,736,2	0,210,294,578,0
image_from_china(994).jpg	0,199,242,880,2	669,264,816,537,2	348,192,390,309,2	375,256,445,326,2	1154,208,1202,251,0	764,263,815,321,0	1153,208,1216,353,2	136,199,254,443,2	50,200,152,265,0	156,200,196,224,0	348,192,366,205,0	429,270,445,289,0
